#OTU ID	CEN01	CEN02	CEN03	CEN04	CEN06	CEN07	CEN08	CEN09	CEN10	CEN11	CEN12	CEN13	CEN14	CEN15	CEN16	CEN17	CL1a	CL1b	CL1c	CL1d	CL4a	CL4b	CL4c	CL4d	HEV079a	HEV079d	HEV081a	HEV081d	HEV082a	HEV082d
Zotu11	88452	18	91998	13	18	80114	20	93929	93825	24	21	31	14	10	1	16	0	0	0	0	0	0	0	0	0	0	0	0	0	0
Zotu101	503	0	122	0	0	271	0	243	551	0	0	0	0	0	0	0	0	0	0	0	0	0	0	0	0	0	0	0	0	0
Zotu57	1418	0	207	2	0	504	0	674	1658	0	0	1	1	0	0	0	0	0	0	0	0	0	0	0	0	0	0	0	0	0
Zotu194	163	0	132	0	1	133	0	2	15	0	0	0	0	0	0	0	0	0	0	0	0	0	0	0	0	0	0	0	0	0
Zotu182	382	0	229	0	0	263	0	183	435	0	0	0	0	0	0	0	0	0	0	0	0	0	0	0	0	0	0	0	0	0
Zotu175	177	0	188	0	0	194	0	6	3	0	0	0	0	0	0	0	0	0	0	0	0	0	0	0	0	0	0	0	0	0
Zotu129	503	0	193	0	0	305	0	0	0	0	0	0	0	0	0	0	0	0	0	0	0	0	0	0	0	0	0	0	0	0
Zotu327	65	0	31	0	0	52	0	0	0	0	0	0	0	0	0	0	0	0	0	0	0	0	0	0	0	0	0	0	0	0
Zotu520	43	0	30	0	0	43	0	0	0	0	0	0	0	0	0	0	0	0	0	0	0	0	0	0	0	0	0	0	0	0
Zotu266	246	0	175	0	0	163	0	0	0	0	0	0	0	0	0	0	0	0	0	0	0	0	0	0	0	0	0	0	0	0
Zotu2	119	1399	237	3884	42	6624	361	1761	4364	1146	809	188	131	3093	2299	894	0	0	0	0	0	0	0	0	0	0	0	0	0	0
Zotu98	53	0	273	0	0	670	0	13	951	0	0	0	0	0	0	0	0	0	0	0	0	0	0	0	0	0	0	0	0	0
Zotu693	26	0	35	0	0	36	0	0	0	0	0	0	0	0	0	0	0	0	0	0	0	0	0	0	0	0	0	0	0	0
Zotu24	4	12	11	13	1	28	2	13	31	7	5	6	0	16	29	4	0	0	0	0	0	0	0	0	0	0	0	0	0	0
Zotu12	21	15	0	6	8	6	8	41	12	3	8	8	2	105	7	7	0	0	0	0	0	0	0	0	0	0	0	0	0	0
Zotu223	2	1	0	0	2	0	2806	1	1	2	1201	1	543	1668	338	0	0	0	0	0	0	0	0	0	0	0	0	0	0	0
Zotu32	35	36	3	36	19	60	31	31	57	17	24	19	8	37	20	12	0	0	0	0	0	0	0	0	248	64	20	5	1	1
Zotu947	30	0	0	0	0	0	0	0	0	0	0	0	0	0	0	0	0	0	0	0	0	0	0	0	0	0	0	0	0	0
Zotu807	12	0	4	0	0	1	0	2	6	0	0	0	0	0	0	0	0	0	0	0	0	0	0	0	0	0	0	0	0	0
Zotu75	6	31	2	87	1	121	13	34	144	31	9	2	3	62	31	26	0	0	0	0	0	0	0	0	0	0	0	0	0	0
Zotu423	2	0	3	0	0	0	0	0	1	0	0	0	0	0	0	0	0	0	0	0	0	0	0	0	0	0	0	0	0	0
Zotu20	21	88409	32	90929	95531	37	20	21	25	83335	38	36001	11	10	3	50955	0	0	0	0	0	0	0	0	0	0	0	0	0	0
Zotu370	1	1	2	16	0	17	0	3	20	3	5	0	0	11	2	5	0	0	0	0	0	0	0	0	0	0	0	0	0	0
Zotu94	2	0	0	0	0	0	0	0	1	1	0	0	0	0	0	0	0	0	0	0	0	0	0	0	0	0	0	0	0	0
Zotu1051	2	0	0	0	0	0	0	0	0	0	0	0	0	0	0	0	0	0	0	0	0	0	0	0	0	0	0	0	0	0
Zotu22	11	14	9	13	16	13	70996	7	12	15	62250	8	79931	38321	16169	9	0	0	0	0	0	0	0	0	0	0	0	0	0	0
Zotu164	2	9	1	15	0	34	1	5	17	3	5	0	1	9	9	2	0	0	0	0	0	0	0	0	0	0	0	0	0	0
Zotu696	2	0	1	12	0	5	0	0	6	2	1	0	1	7	0	2	0	0	0	0	0	0	0	0	0	0	0	0	0	0
Zotu71	3	3	0	4	0	10	1	4	4	0	0	0	0	4	5	1	0	0	0	0	0	0	0	0	0	0	0	0	0	0
Zotu147	1	1	1	0	0	3	0	0	1	0	0	0	0	2	0	0	0	0	0	0	0	0	0	0	0	0	0	0	0	0
Zotu195	1	0	0	1	0	0	3638	2	0	0	1220	0	1043	1688	409	0	0	0	0	0	0	0	0	0	0	0	0	0	0	0
Zotu46	1	5	0	11	0	19	0	3	12	1	0	0	2	9	9	2	0	0	0	0	0	0	0	0	0	0	0	0	0	0
Zotu403	1	2	5	0	1	4	1	1	7	4	5	3	1	0	0	1	0	0	0	0	0	0	0	0	69693	54157	47654	36053	45561	33341
Zotu96	1	0	1	1	0	2	4999	0	2	1	1628	0	1264	1897	523	0	0	0	0	0	0	0	0	0	0	0	0	0	0	0
Zotu321	1	0	0	0	0	0	0	0	0	0	0	0	0	0	0	0	0	0	0	0	0	0	0	0	0	0	0	0	0	0
Zotu54	0	2844	0	1637	0	1	1	0	0	2282	0	0	0	0	0	1357	0	0	0	0	0	0	0	0	0	0	0	0	0	0
Zotu156	0	133	0	93	0	0	0	0	0	136	0	0	0	0	0	120	0	0	0	0	0	0	0	0	0	0	0	0	0	0
Zotu801	0	7	0	3	0	4	1	0	0	1	1	0	0	1	1	1	0	0	0	0	0	0	0	0	0	0	0	0	0	0
Zotu215	0	654	0	602	495	1	0	0	0	454	1	198	0	0	0	244	0	0	0	0	0	0	0	0	0	0	0	0	0	0
Zotu66	0	23	12	50	0	55	9	13	42	16	2	0	0	21	15	22	0	0	0	0	0	0	0	0	0	0	0	0	0	0
Zotu313	0	3	0	3	0	2	0	0	0	1	0	0	0	1	0	0	0	0	0	0	0	0	0	0	0	0	0	0	0	0
Zotu163	0	36	0	27	0	0	0	0	0	62	0	0	0	0	0	3	0	0	0	0	0	0	0	0	0	0	0	0	0	0
Zotu44	0	12	2	34	2	58	5	10	33	10	6	2	1	28	31	7	0	0	0	0	0	0	0	0	0	0	0	0	0	0
Zotu34	0	6	1	6	0	7	0	8	5	1	0	0	0	8	7	0	0	0	0	0	0	0	0	0	0	0	0	0	0	0
Zotu31	0	6	0	9	0	33	3	23	26	5	3	6	1	17	12	6	0	0	0	0	0	0	0	0	0	0	0	0	0	0
Zotu145	0	1	0	0	0	0	0	0	0	0	1	0	0	0	0	0	0	0	0	0	0	0	0	0	0	0	0	0	0	0
Zotu820	0	3	0	0	0	0	0	1	0	0	1	0	0	0	0	0	0	0	0	0	0	0	0	0	0	0	0	0	0	0
Zotu332	0	5	0	7	0	7	1	4	7	3	0	0	0	3	6	1	0	0	0	0	0	0	0	0	0	0	0	0	0	0
Zotu467	0	1	0	2	0	0	0	1	0	4	0	0	0	0	0	1	0	0	0	0	0	0	0	0	0	0	0	0	0	0
Zotu55	0	1	1	8	0	18	2	5	9	1	2	2	0	14	6	2	0	0	0	0	0	0	0	0	0	0	0	0	0	0
Zotu626	0	3	0	7	0	7	0	0	5	1	2	0	0	1	4	0	0	0	0	0	0	0	0	0	0	0	0	0	0	0
Zotu27	0	1	0	2	0	0	0	0	0	176	0	0	0	0	0	0	0	0	0	0	0	0	0	0	0	0	0	0	0	0
Zotu35	0	2	0	10	0	18	2	11	27	6	3	1	2	14	10	5	0	0	0	0	0	0	0	0	0	0	0	0	0	0
Zotu37	0	9	1	13	1	24	3	11	15	11	3	0	1	16	7	3	0	0	0	0	0	0	0	0	0	0	0	0	0	0
Zotu140	0	2	0	9	0	0	0	1	1	1	0	0	0	1	0	1	0	0	0	0	0	0	0	0	0	0	0	0	0	0
Zotu88	0	2	0	2	0	4	0	0	1	1	0	0	0	0	1	2	0	0	0	0	0	0	0	0	0	0	0	0	0	0
Zotu28	0	1	0	0	0	0	0	0	0	0	0	0	0	0	0	0	0	0	0	0	0	0	0	0	0	0	0	0	0	1
Zotu1	0	4	4	0	0	7	0	1	14	4	9	5	1	0	0	3	0	0	0	0	0	0	0	0	34958	29440	21702	17174	17896	13956
Zotu81	0	1	0	2	0	5	1	1	1	2	0	0	0	5	2	0	0	0	0	0	0	0	0	0	0	0	0	0	0	0
Zotu79	0	1	0	5	0	8	0	3	8	3	1	0	0	4	0	1	0	0	0	0	0	0	0	0	0	0	0	0	0	0
Zotu25	0	5	0	5	1	8	1	9	5	0	0	1	0	2	9	3	0	0	0	0	0	0	0	0	0	0	0	0	0	0
Zotu1033	0	2	0	4	0	5	1	0	11	1	2	1	0	3	0	1	0	0	0	0	0	0	0	0	0	0	0	0	0	0
Zotu52	0	2	0	9	1	26	0	2	7	3	3	1	0	9	7	0	0	0	0	0	0	0	0	0	0	0	0	0	0	0
Zotu107	0	1	0	0	1	0	0	0	3	0	0	0	0	0	1	0	0	0	0	0	0	0	0	0	0	0	0	0	0	0
Zotu36	0	1	0	1	1	0	0	0	0	1	0	0	0	0	0	245	0	0	0	0	0	0	0	0	0	0	0	0	0	0
Zotu172	0	2	11	80	0	95	3	34	88	23	3	0	6	39	13	42	0	0	0	0	0	0	0	0	0	0	0	0	0	0
Zotu366	0	1	0	3	0	1	1	1	3	1	1	0	0	5	1	0	0	0	0	0	0	0	0	0	0	0	0	0	0	0
Zotu589	0	2	0	5	0	3	0	0	6	0	0	0	0	2	0	0	0	0	0	0	0	0	0	0	0	0	0	0	0	0
Zotu108	0	0	2	0	0	0	2079	0	0	1	1168	2	0	850	1	0	0	0	0	0	0	0	0	0	0	0	0	0	0	0
Zotu922	0	0	1	0	0	0	0	0	0	0	0	0	75	0	0	0	0	0	0	0	0	0	0	0	0	0	0	0	0	0
Zotu336	0	0	2	0	0	0	0	0	0	0	0	0	0	0	0	0	0	0	0	0	0	0	0	0	0	0	0	0	0	0
Zotu59	0	0	1	1	0	0	1957	0	0	1	944	0	933	663	116	0	0	0	0	0	0	0	0	0	0	0	0	0	0	0
Zotu804	0	0	5	2	0	1	0	3	0	0	0	0	0	0	5	0	0	0	0	0	0	0	0	0	0	0	0	0	0	0
Zotu97	0	0	1	3	0	5	1	1	6	0	0	0	0	5	4	2	0	0	0	0	0	0	0	0	0	0	0	0	0	0
Zotu652	0	0	0	10	0	6	0	0	4	7	4	0	0	6	1	0	0	0	0	0	0	0	0	0	0	0	0	0	0	0
Zotu1170	0	0	0	2	0	2	1	6	0	2	2	0	0	0	0	1	0	0	0	0	0	0	0	0	0	0	0	0	0	0
Zotu1123	0	0	0	3	0	3	0	1	1	2	0	0	0	0	1	0	0	0	0	0	0	0	0	0	0	0	0	0	0	0
Zotu85	0	0	0	4	0	5	1	1	2	0	2	0	0	4	2	0	0	0	0	0	0	0	0	0	0	0	0	0	0	0
Zotu533	0	0	0	2	0	0	0	0	2	0	0	0	0	0	0	0	0	0	0	0	0	0	0	0	0	0	0	0	0	0
Zotu279	0	0	0	1	0	0	238	0	0	0	0	0	0	0	0	0	0	0	0	0	0	0	0	0	0	0	0	0	0	0
Zotu244	0	0	0	1	0	0	715	0	0	0	451	0	0	346	0	0	0	0	0	0	0	0	0	0	0	0	0	0	0	0
Zotu310	0	0	0	1	0	0	0	0	7	0	0	0	0	0	3	0	0	0	0	0	0	0	0	0	0	0	0	0	0	0
Zotu788	0	0	0	1	0	0	0	1	3	2	3	0	0	4	0	0	0	0	0	0	0	0	0	0	0	0	0	0	0	0
Zotu277	0	0	0	1	0	2	0	0	0	0	0	0	0	1	0	0	0	0	0	0	0	0	0	0	0	0	0	0	0	0
Zotu263	0	0	0	1	0	2	0	0	2	0	0	0	0	0	1	0	0	0	0	0	0	0	0	0	0	0	0	0	0	0
Zotu329	0	0	0	1	0	0	0	0	0	0	0	0	0	0	0	0	0	0	0	0	0	0	0	0	0	0	0	0	0	0
Zotu1029	0	0	0	1	0	0	0	0	0	3	0	0	0	1	0	0	0	0	0	0	0	0	0	0	0	0	0	0	0	0
Zotu392	0	0	0	1	0	0	0	0	1	1	3	0	0	0	0	0	0	0	0	0	0	0	0	0	0	0	0	0	0	0
Zotu7	0	0	0	1	0	0	0	0	0	1	0	0	0	0	0	0	0	0	0	0	0	0	0	0	41	0	0	0	5	0
Zotu65	0	0	0	1	0	5	0	0	1	0	1	0	0	4	1	0	0	0	0	0	0	0	0	0	0	0	0	0	0	0
Zotu151	0	0	0	1	0	0	576	0	0	0	371	0	6	332	0	0	0	0	0	0	0	0	0	0	0	0	0	0	0	0
Zotu882	0	0	0	0	1	0	0	0	0	0	0	0	0	0	0	0	0	0	0	0	0	0	0	0	0	0	0	0	0	0
Zotu456	0	0	0	0	2	0	0	0	0	0	0	0	0	0	0	0	0	0	0	0	0	0	0	0	21	8	5	2	0	0
Zotu717	0	0	0	0	2	0	461	0	0	1	215	0	249	207	37	0	0	0	0	0	0	0	0	0	0	0	0	0	0	0
Zotu363	0	0	0	0	1	0	239	0	0	0	118	0	0	87	0	0	0	0	0	0	0	0	0	0	0	0	0	0	0	0
Zotu915	0	0	0	0	1	0	0	0	0	0	0	0	0	0	1	0	0	0	0	0	0	0	0	0	0	0	0	0	0	0
Zotu171	0	0	0	0	0	2	0	0	5	0	0	0	0	0	0	0	0	0	0	0	0	0	0	0	0	0	0	0	0	0
Zotu630	0	0	0	0	0	1	0	0	0	0	114	0	118	72	9	0	0	0	0	0	0	0	0	0	0	0	0	0	0	0
Zotu961	0	0	0	0	0	3	0	0	0	0	0	0	0	3	0	1	0	0	0	0	0	0	0	0	0	0	0	0	0	0
Zotu471	0	0	0	0	0	2	0	0	0	0	0	0	0	0	0	0	0	0	0	0	0	0	0	0	0	0	0	0	0	0
Zotu1000	0	0	0	0	0	4	0	0	4	2	1	0	0	0	0	0	0	0	0	0	0	0	0	0	0	0	0	0	0	0
Zotu418	0	0	0	0	0	2	0	1	0	0	0	0	0	0	7	0	0	0	0	0	0	0	0	0	0	0	0	0	0	0
Zotu58	0	0	0	0	0	3	0	0	0	0	1	0	0	0	0	0	0	0	0	0	0	0	0	0	0	0	0	0	0	0
Zotu379	0	0	0	0	0	1	0	0	0	0	0	0	0	0	0	0	0	0	0	0	0	0	0	0	0	0	0	0	0	0
Zotu95	0	0	0	0	0	2	0	0	1	0	0	0	0	0	0	0	0	0	0	0	0	0	0	0	0	0	0	0	0	0
Zotu169	0	0	0	0	0	1	0	0	0	0	0	0	0	0	0	0	0	0	0	0	0	0	0	0	0	0	0	0	0	0
Zotu413	0	0	0	0	0	1	0	1	0	0	0	0	0	0	0	0	0	0	0	0	0	0	0	0	0	0	0	0	0	0
Zotu580	0	0	0	0	0	1	0	0	0	0	0	0	0	0	0	0	0	0	0	0	0	0	0	0	0	0	0	0	0	0
Zotu662	0	0	0	0	0	1	0	3	0	0	0	0	0	0	0	0	0	0	0	0	0	0	0	0	0	0	0	0	0	0
Zotu113	0	0	0	0	0	0	1185	0	1	0	477	1	334	522	127	0	0	0	0	0	0	0	0	0	0	0	0	0	0	0
Zotu128	0	0	0	0	0	0	703	0	0	0	382	0	349	128	60	0	0	0	0	0	0	0	0	0	0	0	0	0	0	0
Zotu339	0	0	0	0	0	0	555	0	0	0	315	0	0	247	0	0	0	0	0	0	0	0	0	0	0	0	0	0	0	0
Zotu422	0	0	0	0	0	0	810	0	0	0	426	0	312	525	88	0	0	0	0	0	0	0	0	0	0	0	0	0	0	0
Zotu930	0	0	0	0	0	0	242	0	0	0	2	0	0	0	0	0	0	0	0	0	0	0	0	0	0	0	0	0	0	0
Zotu252	0	0	0	0	0	0	973	0	0	0	2	0	4	0	0	0	0	0	0	0	0	0	0	0	0	0	0	0	0	0
Zotu415	0	0	0	0	0	0	432	0	0	0	270	0	155	218	11	0	0	0	0	0	0	0	0	0	0	0	0	0	0	0
Zotu452	0	0	0	0	0	0	372	0	0	0	1	0	371	2	0	0	0	0	0	0	0	0	0	0	0	0	0	0	0	0
Zotu240	0	0	0	0	0	0	2476	0	1	0	990	1	917	1453	266	0	0	0	0	0	0	0	0	0	0	0	0	0	0	0
Zotu189	0	0	0	0	0	0	766	0	0	0	14	0	9	20	2	0	0	0	0	0	0	0	0	0	0	0	0	0	0	0
Zotu876	0	0	0	0	0	0	300	0	0	0	78	0	2	1	1	0	0	0	0	0	0	0	0	0	0	0	0	0	0	0
Zotu231	0	0	0	0	0	0	799	0	0	0	1	0	1	1	71	0	0	0	0	0	0	0	0	0	0	0	0	0	0	0
Zotu976	0	0	0	0	0	0	123	0	0	0	59	0	91	47	7	0	0	0	0	0	0	0	0	0	0	0	0	0	0	0
Zotu160	0	0	0	0	0	0	16	0	0	0	5	0	3	7	2	0	0	0	0	0	0	0	0	0	0	0	0	0	0	0
Zotu1178	0	0	0	0	0	0	95	0	0	0	0	0	67	0	0	0	0	0	0	0	0	0	0	0	0	0	0	0	0	0
Zotu524	0	0	0	0	0	0	142	0	0	0	9	0	8	22	0	0	0	0	0	0	0	0	0	0	0	0	0	0	0	0
Zotu839	0	0	0	0	0	0	63	0	0	0	50	0	66	40	14	0	0	0	0	0	0	0	0	0	0	0	0	0	0	0
Zotu188	0	0	0	0	0	0	269	0	0	0	169	0	1	129	0	0	0	0	0	0	0	0	0	0	0	0	0	0	0	0
Zotu1096	0	0	0	0	0	0	142	0	0	0	33	0	0	52	0	0	0	0	0	0	0	0	0	0	0	0	0	0	0	0
Zotu241	0	0	0	0	0	0	260	0	0	0	202	0	273	189	57	0	0	0	0	0	0	0	0	0	0	0	0	0	0	0
Zotu434	0	0	0	0	0	0	161	0	0	0	0	0	0	0	0	0	0	0	0	0	0	0	0	0	0	0	0	0	0	0
Zotu202	0	0	0	0	0	0	537	0	0	1	250	0	283	207	21	0	0	0	0	0	0	0	0	0	0	0	0	0	0	0
Zotu1179	0	0	0	0	0	0	75	0	0	0	27	0	3	56	0	0	0	0	0	0	0	0	0	0	0	0	0	0	0	0
Zotu174	0	0	0	0	0	0	531	0	0	0	276	0	1	2	0	0	0	0	0	0	0	0	0	0	0	0	0	0	0	0
Zotu975	0	0	0	0	0	0	130	0	0	0	82	0	4	78	0	0	0	0	0	0	0	0	0	0	0	0	0	0	0	0
Zotu185	0	0	0	0	0	0	274	0	0	0	230	0	18	149	4	0	0	0	0	0	0	0	0	0	0	0	0	0	0	0
Zotu1180	0	0	0	0	0	0	29	0	0	0	9	0	0	13	0	0	0	0	0	0	0	0	0	0	0	0	0	0	0	0
Zotu292	0	0	0	0	0	0	92	0	0	0	16	0	0	22	1	0	0	0	0	0	0	0	0	0	0	0	0	0	0	0
Zotu525	0	0	0	0	0	0	398	0	0	0	200	0	2	2	0	0	0	0	0	0	0	0	0	0	0	0	0	0	0	0
Zotu980	0	0	0	0	0	0	77	0	0	0	1	0	2	2	0	0	0	0	0	0	0	0	0	0	0	0	0	0	0	0
Zotu335	0	0	0	0	0	0	167	0	0	0	90	0	0	94	0	0	0	0	0	0	0	0	0	0	0	0	0	0	0	0
Zotu122	0	0	0	0	0	0	30	0	0	0	7	0	13	14	1	0	0	0	0	0	0	0	0	0	0	0	0	0	0	0
Zotu570	0	0	0	0	0	0	5	0	0	0	2	0	0	1	0	0	0	0	0	0	0	0	0	0	0	0	0	0	0	0
Zotu811	0	0	0	0	0	0	255	0	0	0	16	0	10	41	5	0	0	0	0	0	0	0	0	0	0	0	0	0	0	0
Zotu479	0	0	0	0	0	0	177	0	0	0	88	0	10	14	1	0	0	0	0	0	0	0	0	0	0	0	0	0	0	0
Zotu433	0	0	0	0	0	0	111	0	0	0	66	0	0	31	0	0	0	0	0	0	0	0	0	0	0	0	0	0	0	0
Zotu948	0	0	0	0	0	0	32	0	0	0	5	0	6	8	1	0	0	0	0	0	0	0	0	0	0	0	0	0	0	0
Zotu1042	0	0	0	0	0	0	11	0	0	0	35	0	16	38	3	0	0	0	0	0	0	0	0	0	0	0	0	0	0	0
Zotu729	0	0	0	0	0	0	69	0	0	0	0	0	0	0	0	0	0	0	0	0	0	0	0	0	0	0	0	0	0	0
Zotu1109	0	0	0	0	0	0	31	0	0	0	22	0	13	14	4	0	0	0	0	0	0	0	0	0	0	0	0	0	0	0
Zotu146	0	0	0	0	0	0	4	0	0	0	2	0	0	3	0	0	0	0	0	0	0	0	0	0	0	0	0	0	0	0
Zotu289	0	0	0	0	0	0	16	0	0	0	86	0	61	75	12	0	0	0	0	0	0	0	0	0	0	0	0	0	0	0
Zotu1064	0	0	0	0	0	0	14	0	0	0	16	0	26	57	1	0	0	0	0	0	0	0	0	0	0	0	0	0	0	0
Zotu709	0	0	0	0	0	0	28	0	0	0	12	0	24	12	2	0	0	0	0	0	0	0	0	0	0	0	0	0	0	0
Zotu331	0	0	0	0	0	0	106	0	0	0	1	0	166	0	0	0	0	0	0	0	0	0	0	0	0	0	0	0	0	0
Zotu665	0	0	0	0	0	0	93	0	0	0	49	0	36	41	8	0	0	0	0	0	0	0	0	0	0	0	0	0	0	0
Zotu318	0	0	0	0	0	0	1	0	0	0	0	0	92	94	18	0	0	0	0	0	0	0	0	0	0	0	0	0	0	0
Zotu966	0	0	0	0	0	0	47	0	0	0	0	0	15	47	5	0	0	0	0	0	0	0	0	0	0	0	0	0	0	0
Zotu178	0	0	0	0	0	0	23	0	0	0	1	0	17	0	0	0	0	0	0	0	0	0	0	0	0	0	0	0	0	0
Zotu328	0	0	0	0	0	0	13	0	0	0	7	0	1	5	0	0	0	0	0	0	0	0	0	0	0	0	0	0	0	0
Zotu601	0	0	0	0	0	0	22	0	0	0	254	0	0	14	2	0	0	0	0	0	0	0	0	0	0	0	0	0	0	0
Zotu250	0	0	0	0	0	0	7	0	0	0	2	0	1	1	0	0	0	0	0	0	0	0	0	0	0	0	0	0	0	0
Zotu769	0	0	0	0	0	0	5	0	0	0	22	0	15	39	1	0	0	0	0	0	0	0	0	0	0	0	0	0	0	0
Zotu209	0	0	0	0	0	0	5	0	0	0	2	0	5	8	4	0	0	0	0	0	0	0	0	0	0	0	0	0	0	0
Zotu281	0	0	0	0	0	0	12	0	0	0	4	0	3	6	2	0	0	0	0	0	0	0	0	0	0	0	0	0	0	0
Zotu367	0	0	0	0	0	0	11	0	0	0	1	0	5	2	0	0	0	0	0	0	0	0	0	0	0	0	0	0	0	0
Zotu1150	0	0	0	0	0	0	9	0	0	0	9	0	7	4	1	0	0	0	0	0	0	0	0	0	0	0	0	0	0	0
Zotu273	0	0	0	0	0	0	1	0	0	0	1	0	0	0	0	0	0	0	0	0	0	0	0	0	0	0	0	0	0	0
Zotu480	0	0	0	0	0	0	6	0	0	0	0	0	0	0	0	0	0	0	0	0	0	0	0	0	0	0	0	0	0	0
Zotu326	0	0	0	0	0	0	10	0	0	0	2	0	0	0	0	0	0	0	0	0	0	0	0	0	0	0	0	0	0	0
Zotu1037	0	0	0	0	0	0	2	0	0	0	1	0	0	0	24	0	0	0	0	0	0	0	0	0	0	0	0	0	0	0
Zotu921	0	0	0	0	0	0	2	0	1	0	25	0	1	1	0	0	0	0	0	0	0	0	0	0	0	0	0	0	0	0
Zotu588	0	0	0	0	0	0	4	0	0	0	42	0	31	44	5	0	0	0	0	0	0	0	0	0	0	0	0	0	0	0
Zotu874	0	0	0	0	0	0	1	0	0	0	0	0	0	0	0	0	0	0	0	0	0	0	0	0	0	0	0	0	0	0
Zotu619	0	0	0	0	0	0	2	0	0	0	0	0	0	0	0	0	0	0	0	0	0	0	0	0	0	0	0	0	0	0
Zotu233	0	0	0	0	0	0	1	0	0	0	0	0	0	0	0	0	0	0	0	0	0	0	0	0	0	0	0	0	0	0
Zotu669	0	0	0	0	0	0	4	0	0	0	1	0	0	0	0	0	0	0	0	0	0	0	0	0	0	0	0	0	0	0
Zotu430	0	0	0	0	0	0	2	0	0	0	0	0	4	4	0	0	0	0	0	0	0	0	0	0	0	0	0	0	0	0
Zotu603	0	0	0	0	0	0	1	0	0	0	0	0	0	3	1	0	0	0	0	0	0	0	0	0	0	0	0	0	0	0
Zotu564	0	0	0	0	0	0	4	0	0	0	2	0	286	294	49	0	0	0	0	0	0	0	0	0	0	0	0	0	0	0
Zotu770	0	0	0	0	0	0	1	0	0	0	1	0	0	0	0	0	0	0	0	0	0	0	0	0	0	0	0	0	0	0
Zotu184	0	0	0	0	0	0	6	0	0	1	1	0	409	368	79	0	0	0	0	0	0	0	0	0	0	0	0	0	0	0
Zotu383	0	0	0	0	0	0	1	0	0	0	0	0	223	0	0	0	0	0	0	0	0	0	0	0	0	0	0	0	0	0
Zotu821	0	0	0	0	0	0	1	0	0	0	0	0	329	0	0	0	0	0	0	0	0	0	0	0	0	0	0	0	0	0
Zotu708	0	0	0	0	0	0	1	0	0	0	0	0	1	0	0	0	0	0	0	0	0	0	0	0	0	0	0	0	0	0
Zotu514	0	0	0	0	0	0	1	0	0	0	1	0	44	43	3	0	0	0	0	0	0	0	0	0	0	0	0	0	0	0
Zotu549	0	0	0	0	0	0	1	0	0	0	0	0	0	2	0	0	0	0	0	0	0	0	0	0	0	0	0	0	0	0
Zotu417	0	0	0	0	0	0	1	0	0	0	0	0	0	0	0	0	0	0	0	0	0	0	0	0	0	0	0	0	0	0
Zotu478	0	0	0	0	0	0	1	0	0	0	0	0	0	0	167	0	0	0	0	0	0	0	0	0	0	0	0	0	0	0
Zotu325	0	0	0	0	0	0	1	0	0	0	1	0	563	0	0	0	0	0	0	0	0	0	0	0	0	0	0	0	0	0
Zotu457	0	0	0	0	0	0	2	0	0	0	2	0	3	3	0	0	0	0	0	0	0	0	0	0	0	0	0	0	0	0
Zotu694	0	0	0	0	0	0	1	0	0	0	0	0	0	0	0	0	0	0	0	0	0	0	0	0	0	0	0	0	0	0
Zotu481	0	0	0	0	0	0	1	0	0	0	0	0	0	1	0	0	0	0	0	0	0	0	0	0	0	0	0	0	0	0
Zotu581	0	0	0	0	0	0	0	1	0	0	0	0	0	0	0	0	0	0	0	0	0	0	0	0	0	0	0	0	0	0
Zotu143	0	0	0	0	0	0	0	1	0	0	0	0	0	0	2	0	0	0	0	0	0	0	0	0	0	0	24	0	9	1
Zotu69	0	0	0	0	0	0	0	1	0	0	0	0	0	0	0	0	0	0	0	0	0	0	0	0	0	0	0	0	0	0
Zotu299	0	0	0	0	0	0	0	0	1	0	0	0	0	0	2	0	0	0	0	0	0	0	0	0	0	0	0	0	0	0
Zotu1190	0	0	0	0	0	0	0	0	1	0	0	0	0	0	0	0	0	0	0	0	0	0	0	0	0	0	0	0	0	0
Zotu878	0	0	0	0	0	0	0	0	1	0	0	0	0	0	0	0	0	0	0	0	0	0	0	0	0	0	0	0	0	0
Zotu880	0	0	0	0	0	0	0	0	1	0	0	0	0	0	0	0	0	0	0	0	0	0	0	0	0	0	0	0	0	0
Zotu170	0	0	0	0	0	0	0	0	1	0	0	0	0	0	0	0	0	0	0	0	0	0	0	0	0	0	0	0	0	0
Zotu390	0	0	0	0	0	0	0	0	0	2	0	0	0	0	0	0	0	0	0	0	0	0	0	0	152	133	87	82	74	61
Zotu836	0	0	0	0	0	0	0	0	0	0	50	0	44	36	4	0	0	0	0	0	0	0	0	0	0	0	0	0	0	0
Zotu260	0	0	0	0	0	0	0	0	0	0	267	0	193	159	47	0	0	0	0	0	0	0	0	0	0	0	0	0	0	0
Zotu228	0	0	0	0	0	0	0	0	0	0	204	0	280	187	37	0	0	0	0	0	0	0	0	0	0	0	0	0	0	0
Zotu670	0	0	0	0	0	0	0	0	0	0	1	0	0	0	1	0	0	0	0	0	0	0	0	0	0	0	0	0	0	0
Zotu637	0	0	0	0	0	0	0	0	0	0	29	0	76	54	5	0	0	0	0	0	0	0	0	0	0	0	0	0	0	0
Zotu305	0	0	0	0	0	0	0	0	0	0	1	0	1	1	0	0	0	0	0	0	0	0	0	0	0	0	0	0	0	0
Zotu887	0	0	0	0	0	0	0	0	0	0	22	0	0	0	0	0	0	0	0	0	0	0	0	0	0	0	0	0	0	0
Zotu565	0	0	0	0	0	0	0	0	0	0	1	0	0	0	0	0	0	0	0	0	0	0	0	0	0	0	0	0	0	0
Zotu308	0	0	0	0	0	0	0	0	0	0	1	0	1	2	1	0	0	0	0	0	0	0	0	0	0	0	0	0	0	0
Zotu822	0	0	0	0	0	0	0	0	0	0	1	0	0	1	0	0	0	0	0	0	0	0	0	0	0	0	0	0	0	0
Zotu288	0	0	0	0	0	0	0	0	0	0	1	0	0	1	1	0	0	0	0	0	0	0	0	0	0	0	0	0	0	0
Zotu1036	0	0	0	0	0	0	0	0	0	0	2	0	2	1	1	0	0	0	0	0	0	0	0	0	0	0	0	0	0	0
Zotu196	0	0	0	0	0	0	0	0	0	0	1	0	0	0	0	0	0	0	0	0	0	0	0	0	0	0	0	0	0	0
Zotu280	0	0	0	0	0	0	0	0	0	0	1	0	1	0	0	0	0	0	0	0	0	0	0	0	0	0	0	0	0	0
Zotu217	0	0	0	0	0	0	0	0	0	0	0	14	0	0	0	0	0	0	0	0	0	0	0	0	0	0	0	0	0	0
Zotu723	0	0	0	0	0	0	0	0	0	0	0	0	213	0	0	0	0	0	0	0	0	0	0	0	0	0	0	0	0	0
Zotu219	0	0	0	0	0	0	0	0	0	0	0	0	216	199	36	0	0	0	0	0	0	0	0	0	0	0	0	0	0	0
Zotu666	0	0	0	0	0	0	0	0	0	0	0	0	43	53	5	0	0	0	0	0	0	0	0	0	0	0	0	0	0	0
Zotu886	0	0	0	0	0	0	0	0	0	0	0	0	53	75	8	0	0	0	0	0	0	0	0	0	0	0	0	0	0	0
Zotu955	0	0	0	0	0	0	0	0	0	0	0	0	23	0	0	0	0	0	0	0	0	0	0	0	0	0	0	0	0	0
Zotu740	0	0	0	0	0	0	0	0	0	0	0	0	2	0	0	0	0	0	0	0	0	0	0	0	0	0	0	0	0	0
Zotu264	0	0	0	0	0	0	0	0	0	0	0	0	1	1	0	0	0	0	0	0	0	0	0	0	0	0	0	0	0	0
Zotu393	0	0	0	0	0	0	0	0	0	0	0	0	2	0	0	0	0	0	0	0	0	0	0	0	0	0	0	0	0	0
Zotu1043	0	0	0	0	0	0	0	0	0	0	0	0	1	0	0	0	0	0	0	0	0	0	0	0	0	0	0	0	0	0
Zotu482	0	0	0	0	0	0	0	0	0	0	0	0	1	0	0	0	0	0	0	0	0	0	0	0	0	0	0	0	0	0
Zotu600	0	0	0	0	0	0	0	0	0	0	0	0	0	123	0	0	0	0	0	0	0	0	0	0	0	0	0	0	0	0
Zotu852	0	0	0	0	0	0	0	0	0	0	0	0	0	28	0	0	0	0	0	0	0	0	0	0	0	0	0	0	0	0
Zotu406	0	0	0	0	0	0	0	0	0	0	0	0	0	1	0	0	0	0	0	0	0	0	0	0	0	0	0	0	0	0
Zotu503	0	0	0	0	0	0	0	0	0	0	0	0	0	1	0	0	0	0	0	0	0	0	0	0	0	0	0	0	0	0
Zotu602	0	0	0	0	0	0	0	0	0	0	0	0	0	1	0	0	0	0	0	0	0	0	0	0	0	0	0	0	0	0
Zotu663	0	0	0	0	0	0	0	0	0	0	0	0	0	1	0	0	0	0	0	0	0	0	0	0	0	0	0	0	0	0
Zotu1047	0	0	0	0	0	0	0	0	0	0	0	0	0	3	0	0	0	0	0	0	0	0	0	0	0	0	0	0	0	0
Zotu1175	0	0	0	0	0	0	0	0	0	0	0	0	0	1	0	0	0	0	0	0	0	0	0	0	0	0	0	0	0	0
Zotu523	0	0	0	0	0	0	0	0	0	0	0	0	0	0	85	0	0	0	0	0	0	0	0	0	0	0	0	0	0	0
Zotu371	0	0	0	0	0	0	0	0	0	0	0	0	0	0	28	0	0	0	0	0	0	0	0	0	0	0	0	0	0	0
Zotu1066	0	0	0	0	0	0	0	0	0	0	0	0	0	0	1	0	0	0	0	0	0	0	0	0	0	0	0	0	0	0
Zotu620	0	0	0	0	0	0	0	0	0	0	0	0	0	0	1	0	0	0	0	0	0	0	0	0	0	0	0	0	0	0
Zotu488	0	0	0	0	0	0	0	0	0	0	0	0	0	0	1	0	0	0	0	0	0	0	0	0	0	0	0	0	0	0
Zotu510	0	0	0	0	0	0	0	0	0	0	0	0	0	0	2	0	0	0	0	0	0	0	0	0	0	0	0	0	0	0
Zotu246	0	0	0	0	0	0	0	0	0	0	0	0	0	0	3	0	0	0	0	0	0	0	0	0	0	0	0	0	0	0
Zotu309	0	0	0	0	0	0	0	0	0	0	0	0	0	0	1	0	0	0	0	0	0	0	0	0	0	0	0	0	0	0
Zotu967	0	0	0	0	0	0	0	0	0	0	0	0	0	0	2	0	0	0	0	0	0	0	0	0	0	0	0	0	0	0
Zotu527	0	0	0	0	0	0	0	0	0	0	0	0	0	0	1	0	0	0	0	0	0	0	0	0	0	0	0	0	0	0
Zotu644	0	0	0	0	0	0	0	0	0	0	0	0	0	0	0	1	0	0	0	0	0	0	0	0	0	0	0	0	0	0
Zotu784	0	0	0	0	0	0	0	0	0	0	0	0	0	0	0	1	0	0	0	0	0	0	0	0	0	0	0	0	0	0
Zotu6	0	0	0	0	0	0	0	0	0	0	0	0	0	0	0	0	263918	215973	194554	150243	4	1	0	2	0	0	0	0	0	0
Zotu5	0	0	0	0	0	0	0	0	0	0	0	0	0	0	0	0	8	8	11	5	5	5	5	3	0	0	0	0	0	0
Zotu4	0	0	0	0	0	0	0	0	0	0	0	0	0	0	0	0	30	3	9	22	282312	204548	164318	395675	0	0	0	0	0	0
Zotu177	0	0	0	0	0	0	0	0	0	0	0	0	0	0	0	0	0	0	0	0	0	0	0	0	262	225	0	0	0	0
Zotu399	0	0	0	0	0	0	0	0	0	0	0	0	0	0	0	0	0	0	0	0	0	0	0	0	89	65	0	0	0	0
Zotu505	0	0	0	0	0	0	0	0	0	0	0	0	0	0	0	0	0	0	0	0	0	0	0	0	56	52	0	0	0	0
Zotu1102	0	0	0	0	0	0	0	0	0	0	0	0	0	0	0	0	0	0	0	0	0	0	0	0	15	11	0	0	0	0
Zotu1177	0	0	0	0	0	0	0	0	0	0	0	0	0	0	0	0	0	0	0	0	0	0	0	0	9	4	0	0	0	0
Zotu141	0	0	0	0	0	0	0	0	0	0	0	0	0	0	0	0	0	0	0	0	0	0	0	0	3	0	0	1	0	1
Zotu3	0	0	0	0	0	0	0	0	0	0	0	0	0	0	0	0	0	0	0	0	0	0	0	0	2	0	12	0	23	0
Zotu14	0	0	0	0	0	0	0	0	0	0	0	0	0	0	0	0	0	0	0	0	0	0	0	0	3	0	2	0	0	0
Zotu193	0	0	0	0	0	0	0	0	0	0	0	0	0	0	0	0	0	0	0	0	0	0	0	0	1	0	0	0	0	0
Zotu304	0	0	0	0	0	0	0	0	0	0	0	0	0	0	0	0	0	0	0	0	0	0	0	0	3	0	0	0	0	0
Zotu606	0	0	0	0	0	0	0	0	0	0	0	0	0	0	0	0	0	0	0	0	0	0	0	0	1	3	0	0	0	0
Zotu410	0	0	0	0	0	0	0	0	0	0	0	0	0	0	0	0	0	0	0	0	0	0	0	0	1	0	0	0	0	0
Zotu152	0	0	0	0	0	0	0	0	0	0	0	0	0	0	0	0	0	0	0	0	0	0	0	0	3	0	5	4	1	1
Zotu1018	0	0	0	0	0	0	0	0	0	0	0	0	0	0	0	0	0	0	0	0	0	0	0	0	1	0	0	0	0	0
Zotu255	0	0	0	0	0	0	0	0	0	0	0	0	0	0	0	0	0	0	0	0	0	0	0	0	0	2	0	1	0	0
Zotu84	0	0	0	0	0	0	0	0	0	0	0	0	0	0	0	0	0	0	0	0	0	0	0	0	0	0	1314	970	0	0
Zotu87	0	0	0	0	0	0	0	0	0	0	0	0	0	0	0	0	0	0	0	0	0	0	0	0	0	0	297	243	0	0
Zotu153	0	0	0	0	0	0	0	0	0	0	0	0	0	0	0	0	0	0	0	0	0	0	0	0	0	0	48	32	0	0
Zotu834	0	0	0	0	0	0	0	0	0	0	0	0	0	0	0	0	0	0	0	0	0	0	0	0	0	0	17	13	0	0
Zotu872	0	0	0	0	0	0	0	0	0	0	0	0	0	0	0	0	0	0	0	0	0	0	0	0	0	0	17	13	0	0
Zotu19	0	0	0	0	0	0	0	0	0	0	0	0	0	0	0	0	0	0	0	0	0	0	0	0	0	0	19	0	17	0
Zotu42	0	0	0	0	0	0	0	0	0	0	0	0	0	0	0	0	0	0	0	0	0	0	0	0	0	0	1	0	1	0
Zotu704	0	0	0	0	0	0	0	0	0	0	0	0	0	0	0	0	0	0	0	0	0	0	0	0	0	0	8	4	0	0
Zotu320	0	0	0	0	0	0	0	0	0	0	0	0	0	0	0	0	0	0	0	0	0	0	0	0	0	0	10	3	0	0
Zotu49	0	0	0	0	0	0	0	0	0	0	0	0	0	0	0	0	0	0	0	0	0	0	0	0	0	0	45	25	0	0
Zotu131	0	0	0	0	0	0	0	0	0	0	0	0	0	0	0	0	0	0	0	0	0	0	0	0	0	0	3	2	0	1
Zotu165	0	0	0	0	0	0	0	0	0	0	0	0	0	0	0	0	0	0	0	0	0	0	0	0	0	0	27	21	0	0
Zotu99	0	0	0	0	0	0	0	0	0	0	0	0	0	0	0	0	0	0	0	0	0	0	0	0	0	0	19	10	0	0
Zotu39	0	0	0	0	0	0	0	0	0	0	0	0	0	0	0	0	0	0	0	0	0	0	0	0	0	0	4	5	0	0
Zotu38	0	0	0	0	0	0	0	0	0	0	0	0	0	0	0	0	0	0	0	0	0	0	0	0	0	0	3	1	0	1
Zotu1046	0	0	0	0	0	0	0	0	0	0	0	0	0	0	0	0	0	0	0	0	0	0	0	0	0	0	10	6	0	0
Zotu509	0	0	0	0	0	0	0	0	0	0	0	0	0	0	0	0	0	0	0	0	0	0	0	0	0	0	12	7	0	0
Zotu112	0	0	0	0	0	0	0	0	0	0	0	0	0	0	0	0	0	0	0	0	0	0	0	0	0	0	1	0	0	0
Zotu389	0	0	0	0	0	0	0	0	0	0	0	0	0	0	0	0	0	0	0	0	0	0	0	0	0	0	6	4	0	0
Zotu21	0	0	0	0	0	0	0	0	0	0	0	0	0	0	0	0	0	0	0	0	0	0	0	0	0	0	8	0	0	0
Zotu290	0	0	0	0	0	0	0	0	0	0	0	0	0	0	0	0	0	0	0	0	0	0	0	0	0	0	13	6	0	0
Zotu261	0	0	0	0	0	0	0	0	0	0	0	0	0	0	0	0	0	0	0	0	0	0	0	0	0	0	4	0	0	0
Zotu60	0	0	0	0	0	0	0	0	0	0	0	0	0	0	0	0	0	0	0	0	0	0	0	0	0	0	1	0	0	0
Zotu50	0	0	0	0	0	0	0	0	0	0	0	0	0	0	0	0	0	0	0	0	0	0	0	0	0	0	1	0	0	0
Zotu48	0	0	0	0	0	0	0	0	0	0	0	0	0	0	0	0	0	0	0	0	0	0	0	0	0	0	1	0	1	0
Zotu779	0	0	0	0	0	0	0	0	0	0	0	0	0	0	0	0	0	0	0	0	0	0	0	0	0	0	0	1	0	0
Zotu132	0	0	0	0	0	0	0	0	0	0	0	0	0	0	0	0	0	0	0	0	0	0	0	0	0	0	0	1	0	0
Zotu1171	0	0	0	0	0	0	0	0	0	0	0	0	0	0	0	0	0	0	0	0	0	0	0	0	0	0	0	1	0	0
Zotu125	0	0	0	0	0	0	0	0	0	0	0	0	0	0	0	0	0	0	0	0	0	0	0	0	0	0	0	0	1	0
Zotu10	0	0	0	0	0	0	0	0	0	0	0	0	0	0	0	0	0	0	0	0	0	0	0	0	0	0	0	0	1	0
Zotu41	0	0	0	0	0	0	0	0	0	0	0	0	0	0	0	0	0	0	0	0	0	0	0	0	0	0	0	0	0	3
