#OTU ID	EUB01	EUB02	EUB03	EUB04	EUB05	EUB06	EUB07	EUB08	EUB09	EUB10	EUB12	EUB13	EUB15	EUB16	EUB18	EUB19	EUB20	EUB21	EUB23	EUB24	EUB25	EUB26	EUB27	EUB28	EUB29	HEV083a	HEV083d	HEV087a	HEV087d	HEV088a
Zotu8	50044	77321	63301	98989	70338	58339	30968	69760	51285	94197	46536	47259	43778	59668	48828	64557	75407	61629	18	29	31	39	32	29	42	0	0	64	58	0
Zotu354	77	93	72	91	58	57	45	61	73	90	90	54	57	56	37	62	138	416	0	0	0	0	0	0	0	0	0	0	0	0
Zotu205	31	108	40	52	1	106	149	69	1	0	0	526	0	319	0	1	508	399	0	0	0	1	0	0	0	0	0	0	0	0
Zotu697	39	95	177	99	66	52	21	65	60	67	48	50	48	55	33	62	74	66	0	0	0	0	0	0	0	0	0	0	0	0
Zotu148	79	105	58	94	46	53	43	110	122	59	58	40	38	58	37	50	223	60	0	0	0	0	0	0	0	0	0	0	0	0
Zotu15	859	1341	999	1561	948	848	508	1222	834	1496	766	824	481	915	620	1025	1495	1049	0	0	2	2	1	0	0	0	0	3	1	0
Zotu2	202	330	428	187	540	310	5502	258	774	534	1398	1460	119	516	4534	831	133	37	44	7	27	64	8	16	32	0	0	0	0	0
Zotu82	115	217	317	169	188	209	593	103	272	296	509	561	207	187	1319	316	436	164	0	0	0	0	0	0	0	0	0	0	0	0
Zotu1206	3	4	1	5	1	5	4	0	6	5	5	7	6	5	7	9	8	7	0	0	0	0	0	0	0	0	0	0	0	0
Zotu536	57	73	54	98	50	86	39	61	83	98	90	240	47	61	45	97	379	37	0	0	0	0	0	0	1	0	0	0	0	0
Zotu727	4	2	3	5	1	2	4	1	2	4	8	8	0	2	7	11	8	0	0	0	0	0	0	0	0	0	0	0	0	0
Zotu104	105	219	246	194	183	298	364	169	338	309	428	578	127	290	89	359	496	408	0	0	0	0	0	0	0	0	0	0	0	0
Zotu212	25	41	60	52	56	57	28	32	54	68	57	74	70	37	137	74	74	41	0	0	0	0	0	0	0	0	0	0	0	0
Zotu462	4	9	1	11	0	14	2	12	0	0	0	40	0	29	0	0	47	50	0	0	0	0	0	0	0	0	0	0	0	0
Zotu208	20	18	23	12	0	0	67	0	91	0	137	0	20	0	0	0	174	68	0	0	0	0	0	0	0	0	0	0	0	0
Zotu582	13	15	13	16	21	14	16	13	18	18	33	24	31	27	44	28	26	18	0	0	0	0	0	0	0	0	0	0	0	0
Zotu386	21	22	22	24	8	13	7	22	26	26	13	13	7	12	13	17	43	13	0	0	0	0	0	0	0	0	0	0	0	0
Zotu114	18	58	17	31	0	45	131	24	0	0	1	338	0	211	0	1	373	201	0	0	0	0	0	0	0	0	0	0	0	0
Zotu180	85	106	130	86	41	32	149	33	214	69	314	43	76	46	40	57	403	154	0	0	0	0	0	0	0	0	0	0	0	0
Zotu45	25	46	56	51	38	55	111	39	83	47	206	95	16	34	209	75	235	91	0	0	0	0	0	0	1	0	0	0	0	0
Zotu32	51	166	186	45	326	142	740	175	445	182	303	675	26	205	1528	314	597	134	98	77	88	206	46	54	87	545	147	0	0	8
Zotu207	2	1	2	0	2	1	4	2	0	0	6	1	0	0	2	0	12	0	0	0	0	0	0	0	0	0	0	0	0	0
Zotu461	9	17	18	7	24	10	8	11	14	17	20	9	14	10	32	12	18	10	0	0	0	0	0	0	0	0	0	0	0	0
Zotu500	33	45	32	49	23	28	23	45	35	44	39	45	22	40	38	50	65	50	0	0	0	0	0	0	0	0	0	0	0	0
Zotu771	11	6	9	8	2	3	1	6	11	4	6	8	3	5	1	7	19	7	0	0	1	0	0	0	0	0	0	0	0	0
Zotu34	4	6	1	1	5	4	78	2	20	9	51	14	2	9	57	0	0	0	0	0	0	0	1	0	0	0	0	0	0	0
Zotu24	10	15	13	2	10	13	92	18	44	30	89	59	8	17	253	15	5	0	0	3	0	0	1	0	1	0	0	0	0	0
Zotu350	7	10	4	16	0	25	11	18	0	0	0	45	0	48	0	0	68	51	0	0	0	0	0	0	0	0	0	0	0	0
Zotu1164	2	4	9	6	2	8	1	5	10	16	7	15	11	4	8	7	14	7	0	0	0	0	0	0	0	0	0	0	0	0
Zotu513	7	7	19	10	17	10	12	6	22	19	11	20	21	13	47	21	4	8	0	0	0	0	0	0	0	0	0	0	0	0
Zotu95	2	0	0	0	3	0	0	0	0	0	0	0	0	0	0	0	0	0	0	0	0	0	0	0	0	0	0	0	0	0
Zotu44	3	3	1	1	2	4	23	6	6	2	20	27	1	0	32	5	0	0	0	0	0	0	0	0	1	0	0	0	0	0
Zotu781	1	1	1	2	1	2	1	1	3	2	2	0	0	0	0	0	5	0	0	0	0	0	0	0	0	0	0	0	0	0
Zotu221	7	29	22	30	5	18	14	13	65	27	44	49	1	23	46	59	51	1	0	1	0	0	0	0	0	0	0	0	0	0
Zotu196	3	338	1	40	0	3	2	4	0	0	0	0	0	0	0	0	0	0	0	0	0	0	0	0	0	0	0	0	0	1
Zotu528	5	12	2	12	4	1	7	9	15	2	8	2	2	4	2	0	21	6	0	0	0	0	0	0	0	0	0	0	0	0
Zotu168	7	21	15	13	6	10	46	5	46	17	68	69	0	11	142	46	37	0	0	0	0	0	0	0	0	0	0	0	0	0
Zotu52	1	2	0	0	1	0	4	0	0	1	0	1	0	1	5	0	0	0	0	1	0	0	0	0	0	0	0	0	0	0
Zotu9	1	0	0	1	3	1	1	0	2	2	3	6	0	0	0	0	0	0	0	0	0	3	0	0	0	0	0	0	0	0
Zotu463	2	6	1	3	0	4	1	3	0	0	0	19	0	20	0	0	24	21	0	0	0	0	0	0	0	0	0	0	0	0
Zotu35	4	14	3	2	8	4	69	3	27	25	51	17	2	13	88	10	0	1	1	0	1	0	0	0	0	0	0	0	0	0
Zotu164	2	0	2	0	2	0	18	0	2	2	6	1	0	1	8	2	0	0	0	0	0	0	0	0	0	0	0	0	0	0
Zotu31	5	13	2	4	41	21	139	1	10	24	38	50	1	22	142	15	0	0	0	1	3	0	0	0	0	0	0	0	0	0
Zotu752	2	19	4	9	0	14	4	10	0	0	0	32	0	47	2	0	47	46	0	0	0	0	0	0	0	0	0	0	0	0
Zotu300	2	1	2	2	0	0	0	0	2	0	0	0	0	0	0	0	2	2	0	0	0	0	0	0	0	0	0	0	0	0
Zotu372	1	1	2	3	1	2	1	0	2	1	1	1	0	2	0	1	2	4	0	0	0	0	0	0	0	0	0	0	0	0
Zotu343	3	7	7	6	1	4	4	10	3	8	3	3	1	3	2	3	15	4	0	0	0	0	0	0	0	0	0	0	0	0
Zotu559	3	1	0	4	1	0	1	0	1	0	0	5	0	1	1	0	5	0	0	0	0	0	0	0	0	0	0	0	0	0
Zotu192	1	2	3	3	3	2	6	0	11	3	11	6	5	6	14	6	23	7	0	0	0	0	0	0	0	0	0	0	0	0
Zotu701	3	12	2	17	13	7	7	3	3	6	0	6	0	17	0	9	30	16	0	0	0	0	0	0	0	0	0	0	0	0
Zotu143	2	0	0	0	10	0	0	1	0	0	0	4	0	0	0	2	7	0	0	0	0	1	0	0	2	36	2	2	0	9
Zotu225	1	1	0	0	0	0	0	0	0	1	0	0	0	0	0	0	0	0	0	0	0	0	0	0	0	0	0	0	0	6
Zotu419	2	7	3	1	2	5	0	0	4	9	13	7	3	6	17	5	13	1	0	0	0	0	0	0	0	0	0	0	0	0
Zotu893	1	5	0	1	0	0	1	2	0	0	0	7	0	6	0	0	15	10	0	0	0	0	0	0	0	0	0	0	0	0
Zotu469	1	0	0	0	0	0	1	0	0	0	0	0	0	0	0	0	0	1	0	0	0	0	0	0	0	0	0	0	0	0
Zotu307	1	8	2	8	3	1	0	0	12	4	2	1	2	2	5	7	6	1	0	0	0	0	0	0	0	0	0	0	0	0
Zotu958	1	2	1	1	2	0	1	1	0	1	0	0	0	0	0	0	4	0	0	0	0	0	0	0	0	0	0	0	0	0
Zotu176	1	12	3	5	1	4	2	3	9	3	0	6	2	8	7	2	16	12	0	0	0	0	0	0	0	0	0	0	0	0
Zotu585	0	4	0	0	4	0	20	4	0	21	0	0	0	0	0	0	0	0	0	0	0	0	0	0	0	0	0	0	0	0
Zotu37	0	3	5	0	1	0	16	0	10	0	0	3	1	5	84	13	0	0	0	0	0	0	0	0	0	0	0	0	0	0
Zotu908	0	16	0	3	0	0	0	0	0	0	0	0	0	0	0	0	0	0	0	0	0	0	0	0	0	0	0	0	0	0
Zotu753	0	28	0	1	0	4	6	0	0	0	0	0	0	0	0	0	0	0	0	0	0	0	0	0	0	0	0	0	0	0
Zotu88	0	1	0	0	0	1	2	0	0	3	4	1	0	1	4	0	0	0	0	0	0	0	0	0	0	0	0	0	0	0
Zotu1017	0	3	1	1	0	16	0	0	0	9	0	0	0	0	7	0	44	0	0	0	0	0	0	0	0	0	0	0	0	0
Zotu984	0	4	0	0	0	2	2	0	0	0	0	8	0	5	0	0	1	11	0	0	0	0	0	0	0	0	0	0	0	0
Zotu679	0	2	0	0	0	0	0	0	0	0	0	0	0	0	0	0	0	0	0	0	0	42	0	0	0	0	0	0	0	0
Zotu846	0	1	0	0	0	0	0	0	0	0	0	0	0	0	0	0	0	0	0	0	0	0	0	0	0	0	0	0	0	30
Zotu866	0	2	0	0	0	0	0	0	0	0	0	0	0	0	0	0	0	0	0	0	0	0	0	0	0	0	0	0	0	0
Zotu1074	0	3	0	2	1	0	1	0	7	0	0	0	1	0	0	1	1	0	0	0	0	0	0	0	0	0	0	0	0	0
Zotu97	0	1	0	0	1	1	0	0	0	0	5	0	0	0	2	0	0	0	0	0	0	0	0	0	0	0	0	0	0	0
Zotu99	0	2	0	0	0	0	0	0	0	0	0	0	0	0	0	0	0	0	0	0	0	0	0	0	0	0	0	0	0	0
Zotu1016	0	1	0	0	0	0	0	0	1	0	0	0	0	0	0	0	0	0	0	0	0	0	0	0	0	0	0	0	0	0
Zotu286	0	1	0	0	0	0	0	0	0	0	0	0	0	0	0	0	0	0	0	0	0	0	0	0	0	0	0	0	0	0
Zotu512	0	2	3	0	1	3	0	3	0	0	1	0	0	0	1	0	2	1	0	0	0	0	0	0	0	0	0	0	0	0
Zotu263	0	2	0	0	0	0	3	0	0	0	2	0	0	1	1	1	0	0	0	0	0	0	0	0	0	0	0	0	0	0
Zotu754	0	1	1	0	0	0	0	0	0	0	0	0	0	0	0	0	2	0	0	0	0	0	0	0	0	0	0	0	0	0
Zotu92	0	1	0	0	0	0	0	0	0	0	1	0	0	0	1	0	4	0	0	0	0	0	0	0	0	0	0	0	0	0
Zotu79	0	1	0	0	0	0	0	0	0	0	0	0	0	0	1	0	0	0	0	0	0	0	0	0	0	0	0	0	0	0
Zotu268	0	1	1	2	0	0	0	0	0	1	0	2	1	1	0	1	0	2	0	0	0	0	0	0	0	0	0	0	0	0
Zotu403	0	1	4	0	1	1	11	0	0	3	10	5	0	0	8	2	5	0	1	0	1	2	1	0	1	70190	53796	47704	32279	91039
Zotu519	0	0	27	0	0	0	0	0	112	0	0	0	40	0	0	0	0	0	0	0	0	0	0	0	0	0	0	0	0	0
Zotu86	0	0	3	0	1	2	0	2	6	3	4	2	0	0	2	1	0	1	0	0	0	0	0	0	0	0	0	0	0	0
Zotu371	0	0	10	0	0	0	0	0	0	0	0	0	0	0	0	0	0	0	0	0	0	0	0	0	0	0	0	0	0	0
Zotu1165	0	0	12	0	0	0	0	0	0	0	0	0	0	0	0	0	0	0	0	0	0	0	0	0	0	0	0	0	0	0
Zotu774	0	0	2	0	0	0	0	0	0	0	0	0	0	0	0	0	0	0	0	0	0	0	0	0	0	0	0	16	17	0
Zotu25	0	0	2	0	0	1	12	1	1	1	13	2	0	1	9	1	0	0	0	0	0	0	0	0	0	0	0	0	0	0
Zotu820	0	0	1	0	7	0	0	0	0	0	0	0	0	0	0	0	0	0	0	0	0	0	0	0	0	0	0	0	0	0
Zotu1	0	0	4	0	0	0	14	0	3	6	4	5	0	1	8	5	4	0	4	0	0	2	0	0	1	38108	31116	23150	16678	47673
Zotu276	0	0	4	0	0	0	0	2	0	2	0	0	0	4	0	0	2	3	0	0	0	0	0	0	0	0	0	0	0	0
Zotu23	0	0	4	0	0	0	0	0	0	0	0	0	0	0	0	0	0	0	0	0	0	0	0	0	0	0	0	0	0	0
Zotu46	0	0	5	1	0	0	15	0	1	1	6	15	0	0	4	1	0	0	0	0	0	0	0	0	0	0	0	0	0	0
Zotu16	0	0	1	1	0	0	17	0	0	3	2	0	0	0	6	0	0	13	43810	48654	39870	39942	57542	64393	51508	0	0	0	0	0
Zotu332	0	0	2	0	0	0	0	0	0	0	0	1	0	0	0	0	0	0	0	0	0	0	0	0	0	0	0	0	0	0
Zotu1123	0	0	1	0	0	0	23	0	0	0	4	1	0	1	10	0	0	2	0	0	0	0	0	0	0	0	0	0	0	0
Zotu773	0	0	1	17	0	24	1	30	0	0	0	0	0	1	280	0	0	85	0	0	0	0	0	0	0	0	0	0	0	0
Zotu605	0	0	1	1	0	1	0	1	0	1	0	0	0	0	0	1	0	0	0	0	0	0	0	0	0	0	0	0	0	0
Zotu125	0	0	1	0	0	0	1	0	2	0	0	0	1	0	2	0	1	0	0	0	0	0	0	0	0	0	0	0	0	1
Zotu456	0	0	1	0	0	0	0	0	0	9	0	0	5	1	0	0	0	0	0	0	0	0	0	0	0	1	0	0	0	0
Zotu134	0	0	0	1	0	0	0	1	0	1	0	0	0	2	0	0	4	0	0	0	0	0	0	0	0	0	0	0	0	0
Zotu162	0	0	0	17	0	22	0	34	0	0	0	0	1	0	387	0	0	139	0	0	0	0	0	0	0	0	0	0	0	0
Zotu370	0	0	0	13	0	0	0	0	0	0	0	0	0	0	0	0	0	0	0	0	0	0	0	0	0	0	0	0	0	0
Zotu638	0	0	0	13	0	7	0	6	0	0	0	0	4	0	42	0	0	25	0	0	0	0	0	0	0	0	0	0	0	0
Zotu468	0	0	0	6	0	17	0	25	0	0	0	0	0	0	51	0	0	35	0	0	0	0	0	0	0	0	0	0	0	0
Zotu47	0	0	0	1	0	0	0	0	0	1	0	0	0	0	3	0	0	0	0	0	0	0	0	0	0	0	0	0	0	0
Zotu534	0	0	0	1	0	0	0	1	0	0	0	0	0	0	0	0	1	0	0	0	0	0	0	0	0	0	0	0	0	0
Zotu629	0	0	0	1	0	0	2	0	0	0	0	0	2	0	0	0	5	2	0	0	0	0	0	0	0	0	0	0	0	0
Zotu981	0	0	0	3	0	11	0	8	0	0	0	0	0	0	17	0	0	19	0	0	0	0	0	0	0	0	0	0	0	0
Zotu389	0	0	0	0	1	0	0	0	0	0	0	0	0	0	0	0	0	0	0	0	0	0	0	0	0	0	0	0	0	0
Zotu572	0	0	0	0	1	0	0	0	0	1	1	0	0	0	0	0	0	1	0	0	0	0	0	0	0	0	0	0	0	0
Zotu107	0	0	0	0	5	0	0	0	0	0	4	0	1	0	0	0	0	0	0	0	0	0	0	0	0	0	0	0	0	0
Zotu152	0	0	0	0	1	0	1	0	0	0	0	0	0	0	0	0	0	0	0	0	0	0	0	0	0	0	0	0	0	5
Zotu58	0	0	0	0	1	0	0	2	2	0	0	0	0	1	2	0	0	0	0	0	0	0	0	0	0	0	0	0	0	0
Zotu750	0	0	0	0	0	4	0	0	2	1	0	0	0	0	1	0	0	0	0	0	0	0	0	0	0	0	0	0	0	0
Zotu368	0	0	0	0	0	1	0	0	0	0	0	0	0	0	0	0	0	0	0	0	0	0	2	0	0	0	0	0	0	0
Zotu140	0	0	0	0	0	0	439	0	0	1	3	0	0	0	0	0	0	0	0	0	0	36	0	0	0	0	0	0	0	0
Zotu12	0	0	0	0	0	0	7	0	2	0	0	0	0	0	0	0	0	0	0	0	0	0	0	0	0	0	0	0	0	0
Zotu1127	0	0	0	0	0	0	12	0	0	0	0	0	0	0	0	0	0	0	0	0	0	0	0	0	0	0	0	0	0	0
Zotu71	0	0	0	0	0	0	2	0	0	0	2	0	0	0	4	8	0	0	0	0	0	0	0	0	0	0	0	0	0	0
Zotu81	0	0	0	0	0	0	3	3	0	0	0	1	0	1	20	5	0	0	0	0	0	0	0	0	0	0	0	0	0	0
Zotu375	0	0	0	0	0	0	1	0	0	0	0	0	0	0	0	0	0	0	0	0	0	0	0	0	0	0	0	0	0	0
Zotu217	0	0	0	0	0	0	1	0	0	0	0	0	0	0	0	0	0	0	0	0	0	6	0	0	0	0	0	0	0	0
Zotu477	0	0	0	0	0	0	4	0	0	0	0	0	0	0	0	0	0	0	0	0	0	0	0	0	0	0	0	0	0	0
Zotu103	0	0	0	0	0	0	1	0	0	0	0	0	0	0	0	0	0	0	266	181	188	149	209	289	382	0	0	0	0	0
Zotu126	0	0	0	0	0	0	1	0	0	0	0	0	0	0	0	0	0	0	0	0	0	0	0	0	0	0	0	0	0	0
Zotu304	0	0	0	0	0	0	1	0	0	0	0	0	0	0	0	0	0	0	0	0	0	0	0	0	0	0	0	0	0	0
Zotu810	0	0	0	0	0	0	0	38	0	0	0	0	0	0	0	0	0	0	0	0	0	0	0	0	0	0	0	0	0	0
Zotu380	0	0	0	0	0	0	0	1	1	0	0	0	0	0	0	0	0	0	0	0	0	0	0	0	0	0	0	0	0	0
Zotu155	0	0	0	0	0	0	0	4	0	0	0	1	0	0	0	1	0	0	0	0	0	0	0	0	0	0	0	0	0	0
Zotu555	0	0	0	0	0	0	0	1	0	0	0	0	0	0	0	0	0	0	0	0	0	0	0	0	0	0	0	0	0	0
Zotu485	0	0	0	0	0	0	0	1	0	0	0	0	0	1	0	0	2	2	0	0	0	0	0	0	0	0	0	0	0	0
Zotu94	0	0	0	0	0	0	0	2	0	0	0	0	0	0	0	0	0	0	0	0	0	0	0	0	0	0	0	0	0	0
Zotu55	0	0	0	0	0	0	0	0	3	0	0	0	0	0	1	0	0	0	0	0	0	0	0	0	0	0	0	0	0	0
Zotu301	0	0	0	0	0	0	0	0	29	0	62	0	0	0	0	30	61	0	0	0	0	0	0	0	0	0	0	0	0	0
Zotu1148	0	0	0	0	0	0	0	0	9	0	0	0	0	0	0	0	0	0	0	0	0	0	0	0	0	0	0	0	0	0
Zotu987	0	0	0	0	0	0	0	0	5	0	0	0	0	0	0	0	0	0	0	0	0	0	0	0	0	0	0	0	0	0
Zotu964	0	0	0	0	0	0	0	0	1	0	2	2	0	0	0	1	2	1	0	0	0	0	0	0	0	0	0	0	0	0
Zotu539	0	0	0	0	0	0	0	0	0	59	0	0	0	0	0	0	0	0	0	0	0	0	0	0	0	0	0	0	0	0
Zotu626	0	0	0	0	0	0	0	0	0	1	4	0	1	0	2	3	0	0	0	0	0	0	0	0	0	0	0	0	0	0
Zotu66	0	0	0	0	0	0	0	0	0	0	13	0	0	0	0	0	0	0	0	0	0	0	0	0	0	0	0	0	0	0
Zotu20	0	0	0	0	0	0	0	0	0	0	13	0	5	0	0	0	0	0	0	13	0	0	0	0	0	0	0	0	0	0
Zotu961	0	0	0	0	0	0	0	0	0	0	1	0	0	0	0	0	0	0	0	0	0	0	0	0	0	0	0	0	0	0
Zotu959	0	0	0	0	0	0	0	0	0	0	0	15	0	0	0	0	0	0	0	0	0	0	0	0	0	0	0	0	0	0
Zotu473	0	0	0	0	0	0	0	0	0	0	0	2	0	0	0	0	0	0	0	0	0	0	0	0	0	0	0	0	0	0
Zotu595	0	0	0	0	0	0	0	0	0	0	0	0	1	0	0	0	0	0	0	0	0	0	0	0	0	0	0	0	0	0
Zotu309	0	0	0	0	0	0	0	0	0	0	0	0	5	0	0	0	0	0	0	0	0	0	0	0	0	0	0	0	0	0
Zotu242	0	0	0	0	0	0	0	0	0	0	0	0	1	1	0	1	0	0	0	0	0	0	0	0	0	0	0	0	0	0
Zotu1153	0	0	0	0	0	0	0	0	0	0	0	0	0	0	15	0	0	0	0	0	0	0	0	0	0	0	0	0	0	0
Zotu1081	0	0	0	0	0	0	0	0	0	0	0	0	0	0	1	0	0	0	0	0	0	0	0	0	0	0	0	0	0	0
Zotu1000	0	0	0	0	0	0	0	0	0	0	0	0	0	0	2	0	0	0	0	0	0	0	0	0	0	0	0	0	0	0
Zotu860	0	0	0	0	0	0	0	0	0	0	0	0	0	0	4	0	0	0	0	0	0	0	0	0	0	0	0	0	0	0
Zotu85	0	0	0	0	0	0	0	0	0	0	0	0	0	0	1	0	0	0	0	0	0	0	0	0	0	0	0	0	0	0
Zotu18	0	0	0	0	0	0	0	0	0	0	0	0	0	0	0	2	1	0	0	0	0	0	0	0	0	0	0	0	0	0
Zotu302	0	0	0	0	0	0	0	0	0	0	0	0	0	0	0	0	5	0	0	0	0	0	0	0	0	0	0	0	0	0
Zotu790	0	0	0	0	0	0	0	0	0	0	0	0	0	0	0	0	0	1	0	0	0	0	1	0	0	0	0	0	0	0
Zotu110	0	0	0	0	0	0	0	0	0	0	0	0	0	0	0	0	0	0	205	343	163	847	304	313	144	0	0	0	0	0
Zotu373	0	0	0	0	0	0	0	0	0	0	0	0	0	0	0	0	0	0	129	124	70	208	74	88	108	0	0	0	0	0
Zotu72	0	0	0	0	0	0	0	0	0	0	0	0	0	0	0	0	0	0	418	252	272	308	340	585	584	0	0	0	0	0
Zotu14	0	0	0	0	0	0	0	0	0	0	0	0	0	0	0	0	0	0	10	2	8	4	17	8	10	8	0	0	0	0
Zotu453	0	0	0	0	0	0	0	0	0	0	0	0	0	0	0	0	0	0	6	2	0	4	3	5	2	0	0	0	0	0
Zotu518	0	0	0	0	0	0	0	0	0	0	0	0	0	0	0	0	0	0	29	29	20	39	27	35	30	0	0	0	0	0
Zotu808	0	0	0	0	0	0	0	0	0	0	0	0	0	0	0	0	0	0	4	2	1	3	1	1	3	0	0	0	0	0
Zotu982	0	0	0	0	0	0	0	0	0	0	0	0	0	0	0	0	0	0	11	6	9	13	5	11	14	0	0	0	0	0
Zotu888	0	0	0	0	0	0	0	0	0	0	0	0	0	0	0	0	0	0	1	0	0	0	0	0	0	0	0	0	0	0
Zotu1152	0	0	0	0	0	0	0	0	0	0	0	0	0	0	0	0	0	0	2	6	6	5	3	2	3	0	0	0	0	0
Zotu1077	0	0	0	0	0	0	0	0	0	0	0	0	0	0	0	0	0	0	1	0	0	2	1	0	0	0	0	0	0	0
Zotu314	0	0	0	0	0	0	0	0	0	0	0	0	0	0	0	0	0	0	0	0	29	0	18	0	48	0	0	0	0	0
Zotu376	0	0	0	0	0	0	0	0	0	0	0	0	0	0	0	0	0	0	0	0	2	0	0	0	0	0	0	0	0	0
Zotu782	0	0	0	0	0	0	0	0	0	0	0	0	0	0	0	0	0	0	0	0	0	1	0	0	0	0	0	0	0	21
Zotu63	0	0	0	0	0	0	0	0	0	0	0	0	0	0	0	0	0	0	0	0	0	17	0	0	0	0	0	0	0	0
Zotu84	0	0	0	0	0	0	0	0	0	0	0	0	0	0	0	0	0	0	0	0	0	17	0	0	0	0	0	0	0	0
Zotu429	0	0	0	0	0	0	0	0	0	0	0	0	0	0	0	0	0	0	0	0	0	80	0	0	0	0	0	0	0	0
Zotu586	0	0	0	0	0	0	0	0	0	0	0	0	0	0	0	0	0	0	0	0	0	1	0	0	0	0	0	0	0	0
Zotu29	0	0	0	0	0	0	0	0	0	0	0	0	0	0	0	0	0	0	0	0	0	10	0	0	0	0	0	0	0	0
Zotu905	0	0	0	0	0	0	0	0	0	0	0	0	0	0	0	0	0	0	0	0	0	22	0	0	0	0	0	0	0	0
Zotu1020	0	0	0	0	0	0	0	0	0	0	0	0	0	0	0	0	0	0	0	0	0	1	0	1	1	0	0	0	0	0
Zotu83	0	0	0	0	0	0	0	0	0	0	0	0	0	0	0	0	0	0	0	0	0	5	0	0	0	0	0	0	0	0
Zotu137	0	0	0	0	0	0	0	0	0	0	0	0	0	0	0	0	0	0	0	0	0	1	0	0	0	0	0	0	0	0
Zotu127	0	0	0	0	0	0	0	0	0	0	0	0	0	0	0	0	0	0	0	0	0	1	0	0	0	0	0	0	0	0
Zotu177	0	0	0	0	0	0	0	0	0	0	0	0	0	0	0	0	0	0	0	0	0	2	0	0	0	0	0	0	0	0
Zotu364	0	0	0	0	0	0	0	0	0	0	0	0	0	0	0	0	0	0	0	0	0	1	0	0	0	0	0	0	0	0
Zotu42	0	0	0	0	0	0	0	0	0	0	0	0	0	0	0	0	0	0	0	0	0	1	0	0	0	0	0	0	0	0
Zotu617	0	0	0	0	0	0	0	0	0	0	0	0	0	0	0	0	0	0	0	0	0	1	0	0	0	0	0	0	0	0
Zotu849	0	0	0	0	0	0	0	0	0	0	0	0	0	0	0	0	0	0	0	0	0	1	0	0	0	0	0	0	0	0
Zotu1163	0	0	0	0	0	0	0	0	0	0	0	0	0	0	0	0	0	0	0	0	0	0	10	0	0	0	0	0	0	0
Zotu153	0	0	0	0	0	0	0	0	0	0	0	0	0	0	0	0	0	0	0	0	0	0	5	0	0	0	0	0	0	0
Zotu409	0	0	0	0	0	0	0	0	0	0	0	0	0	0	0	0	0	0	0	0	0	0	1	0	0	0	0	0	0	0
Zotu634	0	0	0	0	0	0	0	0	0	0	0	0	0	0	0	0	0	0	0	0	0	0	0	2	0	0	0	0	0	0
Zotu39	0	0	0	0	0	0	0	0	0	0	0	0	0	0	0	0	0	0	0	0	0	0	0	0	0	40	25	2	1	13
Zotu198	0	0	0	0	0	0	0	0	0	0	0	0	0	0	0	0	0	0	0	0	0	0	0	0	0	256	163	0	0	0
Zotu360	0	0	0	0	0	0	0	0	0	0	0	0	0	0	0	0	0	0	0	0	0	0	0	0	0	30	46	0	0	64
Zotu390	0	0	0	0	0	0	0	0	0	0	0	0	0	0	0	0	0	0	0	0	0	0	0	0	0	185	142	95	89	230
Zotu224	0	0	0	0	0	0	0	0	0	0	0	0	0	0	0	0	0	0	0	0	0	0	0	0	0	284	108	0	0	0
Zotu410	0	0	0	0	0	0	0	0	0	0	0	0	0	0	0	0	0	0	0	0	0	0	0	0	0	81	101	2	3	0
Zotu70	0	0	0	0	0	0	0	0	0	0	0	0	0	0	0	0	0	0	0	0	0	0	0	0	0	19	26	0	0	0
Zotu7	0	0	0	0	0	0	0	0	0	0	0	0	0	0	0	0	0	0	0	0	0	0	0	0	0	22	0	1	0	1
Zotu193	0	0	0	0	0	0	0	0	0	0	0	0	0	0	0	0	0	0	0	0	0	0	0	0	0	63	83	0	0	1
Zotu61	0	0	0	0	0	0	0	0	0	0	0	0	0	0	0	0	0	0	0	0	0	0	0	0	0	13	11	20	13	0
Zotu650	0	0	0	0	0	0	0	0	0	0	0	0	0	0	0	0	0	0	0	0	0	0	0	0	0	30	18	0	0	0
Zotu695	0	0	0	0	0	0	0	0	0	0	0	0	0	0	0	0	0	0	0	0	0	0	0	0	0	20	20	0	0	0
Zotu141	0	0	0	0	0	0	0	0	0	0	0	0	0	0	0	0	0	0	0	0	0	0	0	0	0	2	5	1	2	14
Zotu349	0	0	0	0	0	0	0	0	0	0	0	0	0	0	0	0	0	0	0	0	0	0	0	0	0	18	20	0	0	0
Zotu3	0	0	0	0	0	0	0	0	0	0	0	0	0	0	0	0	0	0	0	0	0	0	0	0	0	1	0	4	0	7
Zotu546	0	0	0	0	0	0	0	0	0	0	0	0	0	0	0	0	0	0	0	0	0	0	0	0	0	5	13	0	0	21
Zotu216	0	0	0	0	0	0	0	0	0	0	0	0	0	0	0	0	0	0	0	0	0	0	0	0	0	1	0	0	0	0
Zotu1018	0	0	0	0	0	0	0	0	0	0	0	0	0	0	0	0	0	0	0	0	0	0	0	0	0	14	13	0	0	0
Zotu131	0	0	0	0	0	0	0	0	0	0	0	0	0	0	0	0	0	0	0	0	0	0	0	0	0	13	15	2	0	1
Zotu132	0	0	0	0	0	0	0	0	0	0	0	0	0	0	0	0	0	0	0	0	0	0	0	0	0	1	0	1	0	1
Zotu239	0	0	0	0	0	0	0	0	0	0	0	0	0	0	0	0	0	0	0	0	0	0	0	0	0	4	1	0	0	0
Zotu38	0	0	0	0	0	0	0	0	0	0	0	0	0	0	0	0	0	0	0	0	0	0	0	0	0	1	0	43	43	17
Zotu255	0	0	0	0	0	0	0	0	0	0	0	0	0	0	0	0	0	0	0	0	0	0	0	0	0	2	5	0	0	0
Zotu76	0	0	0	0	0	0	0	0	0	0	0	0	0	0	0	0	0	0	0	0	0	0	0	0	0	0	1	0	0	0
Zotu117	0	0	0	0	0	0	0	0	0	0	0	0	0	0	0	0	0	0	0	0	0	0	0	0	0	0	0	261	130	0
Zotu245	0	0	0	0	0	0	0	0	0	0	0	0	0	0	0	0	0	0	0	0	0	0	0	0	0	0	0	33	7	0
Zotu19	0	0	0	0	0	0	0	0	0	0	0	0	0	0	0	0	0	0	0	0	0	0	0	0	0	0	0	1	0	0
Zotu1075	0	0	0	0	0	0	0	0	0	0	0	0	0	0	0	0	0	0	0	0	0	0	0	0	0	0	0	14	2	0
Zotu475	0	0	0	0	0	0	0	0	0	0	0	0	0	0	0	0	0	0	0	0	0	0	0	0	0	0	0	1	0	0
Zotu28	0	0	0	0	0	0	0	0	0	0	0	0	0	0	0	0	0	0	0	0	0	0	0	0	0	0	0	0	1	0
Zotu979	0	0	0	0	0	0	0	0	0	0	0	0	0	0	0	0	0	0	0	0	0	0	0	0	0	0	0	0	1	0
Zotu48	0	0	0	0	0	0	0	0	0	0	0	0	0	0	0	0	0	0	0	0	0	0	0	0	0	0	0	0	0	5600
Zotu906	0	0	0	0	0	0	0	0	0	0	0	0	0	0	0	0	0	0	0	0	0	0	0	0	0	0	0	0	0	29
Zotu67	0	0	0	0	0	0	0	0	0	0	0	0	0	0	0	0	0	0	0	0	0	0	0	0	0	0	0	0	0	3111
Zotu50	0	0	0	0	0	0	0	0	0	0	0	0	0	0	0	0	0	0	0	0	0	0	0	0	0	0	0	0	0	22
Zotu607	0	0	0	0	0	0	0	0	0	0	0	0	0	0	0	0	0	0	0	0	0	0	0	0	0	0	0	0	0	79
Zotu144	0	0	0	0	0	0	0	0	0	0	0	0	0	0	0	0	0	0	0	0	0	0	0	0	0	0	0	0	0	22
Zotu51	0	0	0	0	0	0	0	0	0	0	0	0	0	0	0	0	0	0	0	0	0	0	0	0	0	0	0	0	0	12
Zotu1171	0	0	0	0	0	0	0	0	0	0	0	0	0	0	0	0	0	0	0	0	0	0	0	0	0	0	0	0	0	8
Zotu408	0	0	0	0	0	0	0	0	0	0	0	0	0	0	0	0	0	0	0	0	0	0	0	0	0	0	0	0	0	1
Zotu668	0	0	0	0	0	0	0	0	0	0	0	0	0	0	0	0	0	0	0	0	0	0	0	0	0	0	0	0	0	2
