#OTU ID	HEV018a	HEV018b	HEV018c	HEV018d	HEV020a	HEV020b	HEV020c	HEV020d	HEV021a	HEV021b	HEV021c	HEV021d	HEV022a	HEV022b	HEV022c	HEV022d	HEV023a	HEV023b	HEV023c	HEV023d	HEV024a	HEV024b	HEV024c	HEV024d	HEV025a	HEV025b	HEV025c	HEV025d	HEV026a	HEV026b	HEV026c	HEV026d
Zotu1	35119	30001	19890	30360	38927	32521	29142	33816	35538	29791	20621	35736	32002	31891	21226	29553	28840	25356	18317	20198	33336	27674	22047	26446	30253	29283	20826	23112	52655	45152	37440	44733
Zotu403	81294	60392	43335	65551	85889	63307	61532	70021	86814	64480	48318	81886	81392	70215	50433	69815	93270	72548	57870	64396	66398	48377	41700	50515	68480	58303	44866	50920	109428	83121	72461	87154
Zotu32	39	258	116	13	76	471	368	27	331	3147	1625	178	0	0	1	0	11	119	59	3	0	0	0	0	0	0	1	0	51	389	268	26
Zotu267	52	33	24	35	0	0	0	0	2	0	0	1	0	0	0	0	0	0	0	0	17	22	8	15	0	0	0	0	0	0	0	0
Zotu390	180	120	91	154	228	182	165	179	152	114	78	133	127	112	93	120	119	122	96	92	165	106	92	129	128	117	81	108	236	199	173	210
Zotu29	111	89	63	70	0	0	0	0	0	0	0	0	0	0	0	0	0	0	0	0	0	0	0	0	0	0	0	0	0	0	0	0
Zotu28	92	66	48	54	34	40	42	38	773	592	512	702	0	0	0	1	71	73	56	38	395	344	260	275	117	122	100	84	448	367	324	311
Zotu779	3	9	13	8	0	0	0	0	0	0	0	0	0	0	0	0	0	0	0	0	0	0	0	0	0	0	0	0	0	0	0	0
Zotu3	7	0	0	0	0	0	0	0	5	0	0	0	5	0	0	0	0	0	0	0	24	0	0	0	15	0	0	0	45	0	0	0
Zotu48	11	4	8	5	0	0	0	0	0	0	0	0	0	0	0	0	0	0	0	0	1939	1568	1273	1307	989	906	715	678	26	10	28	25
Zotu84	142	99	88	98	229	191	158	193	0	0	0	0	0	0	0	0	0	0	0	0	0	0	0	0	0	0	0	0	1	0	0	0
Zotu346	52	32	22	36	0	0	0	0	0	0	0	0	0	0	0	0	0	0	0	0	0	0	0	0	0	0	0	0	0	0	0	0
Zotu282	51	55	35	52	0	0	0	0	0	0	0	0	0	0	0	0	0	0	0	0	0	0	0	0	0	0	0	0	0	0	0	0
Zotu416	30	19	10	30	0	0	0	0	0	0	0	0	0	0	0	0	0	0	0	0	0	0	0	0	0	0	0	0	0	0	0	0
Zotu400	43	25	22	34	0	0	0	0	0	0	0	0	0	0	0	0	0	0	0	0	0	0	0	0	0	0	0	0	0	0	0	0
Zotu141	3	1	1	2	0	0	1	0	1	0	0	1	0	2	1	4	1	1	0	1	0	3	1	1	1	0	0	0	3	0	0	3
Zotu132	2	0	1	1	0	1	0	0	0	0	1	3	1	1	1	1	3	1	0	0	2	0	0	0	1	0	0	0	1	0	1	3
Zotu39	4	3	1	2	0	0	0	0	40	36	24	47	141	158	76	105	7	4	8	7	17	14	16	4	4	17	7	2	58	43	38	34
Zotu7	2	0	0	0	1	0	0	0	1	0	0	0	5	0	0	0	0	0	0	0	0	0	0	0	4	0	0	0	10	0	0	0
Zotu38	2	3	2	2	2	1	6	1	0	0	0	0	315	289	206	267	1	2	0	0	0	1	0	0	0	0	0	1	248	182	158	180
Zotu1099	2	0	0	2	0	0	0	0	0	0	0	0	0	0	0	0	0	0	0	0	0	0	0	0	0	0	0	0	0	0	0	0
Zotu50	1	0	0	0	2	0	0	0	0	0	0	1	185	136	107	140	4	0	1	1	0	0	0	1	2	0	0	1	1	1	0	0
Zotu131	1	1	0	0	0	0	0	0	5	2	1	1	6	6	4	6	2	2	2	4	2	0	1	0	0	3	2	1	7	3	3	3
Zotu493	1	4	0	1	0	0	0	0	3	3	3	4	0	0	1	0	0	0	0	0	0	0	0	0	0	1	1	1	0	0	0	0
Zotu2	0	10	0	0	0	10	0	0	0	4	0	0	0	1	0	0	0	4	0	0	0	60	0	0	0	54	0	0	0	97	0	0
Zotu22	0	1	0	0	0	0	0	0	0	0	0	0	0	0	0	0	0	0	0	0	26	23	18	8	0	0	0	0	0	0	0	0
Zotu239	0	1	0	0	0	0	0	0	0	0	0	1	1	0	0	0	1	0	0	0	0	0	0	0	0	0	0	0	1	0	0	0
Zotu195	0	1	0	0	0	0	0	0	0	0	0	0	0	0	0	0	0	0	0	0	0	0	0	0	0	0	0	0	0	0	0	0
Zotu9	0	0	3	0	0	0	1	0	0	0	0	0	0	0	0	0	0	0	0	0	0	0	3	0	0	0	2	0	0	0	5	0
Zotu16	0	0	1	0	0	0	0	0	0	0	1	0	0	0	0	0	0	0	0	0	0	0	0	0	0	0	1	0	0	0	0	0
Zotu139	0	0	0	0	248	180	211	187	0	0	0	0	0	0	0	0	0	0	0	0	0	0	0	0	0	0	0	0	0	0	0	0
Zotu125	0	0	0	0	96	85	69	76	0	0	1	0	0	0	0	0	0	0	0	0	104	77	66	74	0	0	0	0	0	0	0	0
Zotu861	0	0	0	0	2	2	0	1	0	0	0	0	0	0	0	0	0	0	0	0	0	0	0	0	0	0	0	0	0	0	0	0
Zotu699	0	0	0	0	12	10	15	7	0	0	0	0	0	0	0	0	0	0	0	0	0	0	0	0	0	0	0	0	0	0	0	0
Zotu895	0	0	0	0	1	6	8	9	0	0	1	0	0	0	0	0	0	0	0	0	0	0	0	0	0	0	0	0	3	0	1	1
Zotu456	0	0	0	0	0	1	0	0	0	1	0	1	0	0	0	0	0	0	0	0	0	0	0	0	0	0	0	0	0	0	0	1
Zotu12	0	0	0	0	0	1	0	0	0	0	0	0	0	0	0	0	0	1	0	0	0	2	0	0	0	0	0	0	0	0	0	0
Zotu152	0	0	0	0	0	0	1	0	28	43	24	47	17	26	15	13	7	5	3	3	149	122	89	91	0	0	0	0	0	0	0	0
Zotu1095	0	0	0	0	0	0	2	11	0	0	0	0	0	0	0	0	0	0	0	0	0	0	0	0	0	0	0	0	0	0	0	0
Zotu8	0	0	0	0	0	0	1	0	0	0	0	0	0	0	0	0	0	0	0	0	0	0	0	0	0	0	0	0	0	0	1	0
Zotu165	0	0	0	0	0	0	0	0	139	105	96	115	24	13	17	17	0	0	0	0	0	0	0	0	0	0	0	0	8	7	3	5
Zotu127	0	0	0	0	0	0	0	0	481	449	314	185	0	0	0	0	0	0	0	0	0	0	0	0	0	0	0	0	0	0	0	0
Zotu554	0	0	0	0	0	0	0	0	38	30	23	9	0	0	0	0	0	0	0	0	0	0	0	0	0	0	0	0	0	0	0	0
Zotu144	0	0	0	0	0	0	0	0	7	6	3	4	0	0	0	0	0	0	0	0	0	0	0	0	16	16	14	12	0	0	0	0
Zotu928	0	0	0	0	0	0	0	0	2	5	7	7	0	0	0	0	0	0	0	0	0	0	0	0	0	0	0	0	0	0	0	0
Zotu20	0	0	0	0	0	0	0	0	0	1	0	0	0	0	0	0	0	0	0	0	0	0	0	0	0	1	0	0	0	0	0	0
Zotu54	0	0	0	0	0	0	0	0	0	1	0	0	0	0	0	0	0	0	0	0	0	0	0	0	0	0	0	0	0	0	0	0
Zotu610	0	0	0	0	0	0	0	0	0	0	0	0	15	15	4	10	0	0	0	0	0	0	0	0	0	0	0	0	0	0	0	0
Zotu226	0	0	0	0	0	0	0	0	0	0	0	0	75	83	58	72	0	0	0	0	0	0	0	0	0	0	0	0	0	0	0	0
Zotu316	0	0	0	0	0	0	0	0	0	0	0	0	51	40	24	35	0	0	0	0	0	0	0	0	0	0	0	0	0	0	0	0
Zotu978	0	0	0	0	0	0	0	0	0	0	0	0	4	3	1	4	0	0	0	0	0	0	0	0	0	0	0	0	0	0	0	0
Zotu410	0	0	0	0	0	0	0	0	0	0	0	0	2	2	1	4	0	0	0	0	0	0	0	0	0	0	0	0	0	0	0	0
Zotu385	0	0	0	0	0	0	0	0	0	0	0	0	3	2	0	4	0	0	0	0	0	0	0	0	0	0	0	0	0	0	0	0
Zotu117	0	0	0	0	0	0	0	0	0	0	0	0	1	0	0	0	0	0	0	0	0	0	0	0	0	0	0	0	0	0	0	0
Zotu76	0	0	0	0	0	0	0	0	0	0	0	0	1	0	0	1	0	0	0	1	0	0	0	0	0	0	0	0	0	0	0	1
Zotu34	0	0	0	0	0	0	0	0	0	0	0	0	0	1	0	0	0	0	0	0	0	0	0	0	0	0	0	0	0	0	0	0
Zotu143	0	0	0	0	0	0	0	0	0	0	0	0	0	5	2	0	4	13	14	1	0	0	0	0	64	298	142	4	0	0	0	0
Zotu1070	0	0	0	0	0	0	0	0	0	0	0	0	0	0	0	0	12	2	4	5	0	0	0	0	0	0	0	0	0	0	0	0
Zotu395	0	0	0	0	0	0	0	0	0	0	0	0	0	0	0	0	27	30	19	18	0	0	0	0	0	0	0	0	0	0	0	0
Zotu732	0	0	0	0	0	0	0	0	0	0	0	0	0	0	0	0	1	0	0	0	0	0	0	0	0	0	0	0	0	0	0	0
Zotu19	0	0	0	0	0	0	0	0	0	0	0	0	0	0	0	0	1	0	0	0	16	0	0	0	19	0	0	0	37	0	0	0
Zotu61	0	0	0	0	0	0	0	0	0	0	0	0	0	0	0	0	0	1	1	0	0	0	0	0	0	0	0	0	0	0	0	0
Zotu247	0	0	0	0	0	0	0	0	0	0	0	0	0	0	0	0	0	1	0	0	0	0	0	0	28	32	18	15	0	0	0	0
Zotu25	0	0	0	0	0	0	0	0	0	0	0	0	0	0	0	0	0	1	0	0	0	0	0	0	0	0	0	0	0	0	0	0
Zotu1062	0	0	0	0	0	0	0	0	0	0	0	0	0	0	0	0	0	0	2	0	0	0	0	0	0	0	0	0	0	0	0	0
Zotu23	0	0	0	0	0	0	0	0	0	0	0	0	0	0	0	0	0	0	1	0	0	0	0	0	0	0	0	0	0	0	0	0
Zotu1015	0	0	0	0	0	0	0	0	0	0	0	0	0	0	0	0	0	0	0	1	0	0	0	0	0	0	0	0	0	0	0	0
Zotu41	0	0	0	0	0	0	0	0	0	0	0	0	0	0	0	0	0	0	0	1	0	0	0	0	0	0	0	0	0	0	0	0
Zotu1202	0	0	0	0	0	0	0	0	0	0	0	0	0	0	0	0	0	0	0	1	0	0	0	0	0	0	0	0	0	0	0	0
Zotu470	0	0	0	0	0	0	0	0	0	0	0	0	0	0	0	0	0	0	0	0	30	15	28	20	0	0	0	0	0	0	0	0
Zotu51	0	0	0	0	0	0	0	0	0	0	0	0	0	0	0	0	0	0	0	0	4	1	0	0	0	0	1	0	0	0	0	0
Zotu646	0	0	0	0	0	0	0	0	0	0	0	0	0	0	0	0	0	0	0	0	5	3	4	6	0	0	0	1	0	0	0	0
Zotu81	0	0	0	0	0	0	0	0	0	0	0	0	0	0	0	0	0	0	0	0	0	1	0	0	0	0	0	0	0	0	0	0
Zotu44	0	0	0	0	0	0	0	0	0	0	0	0	0	0	0	0	0	0	0	0	0	1	0	0	0	2	0	0	0	1	0	0
Zotu24	0	0	0	0	0	0	0	0	0	0	0	0	0	0	0	0	0	0	0	0	0	1	0	0	0	0	0	0	0	1	0	0
Zotu31	0	0	0	0	0	0	0	0	0	0	0	0	0	0	0	0	0	0	0	0	0	2	0	0	0	2	0	0	0	1	0	0
Zotu11	0	0	0	0	0	0	0	0	0	0	0	0	0	0	0	0	0	0	0	0	0	1	0	0	0	0	0	0	0	0	0	0
Zotu255	0	0	0	0	0	0	0	0	0	0	0	0	0	0	0	0	0	0	0	0	0	0	0	0	40	37	23	237	0	0	0	0
Zotu362	0	0	0	0	0	0	0	0	0	0	0	0	0	0	0	0	0	0	0	0	0	0	0	0	37	38	26	26	0	0	0	0
Zotu398	0	0	0	0	0	0	0	0	0	0	0	0	0	0	0	0	0	0	0	0	0	0	0	0	28	39	23	23	0	0	0	0
Zotu476	0	0	0	0	0	0	0	0	0	0	0	0	0	0	0	0	0	0	0	0	0	0	0	0	24	16	12	13	0	0	0	0
Zotu154	0	0	0	0	0	0	0	0	0	0	0	0	0	0	0	0	0	0	0	0	0	0	0	0	1	1	0	1	1	2	1	0
Zotu42	0	0	0	0	0	0	0	0	0	0	0	0	0	0	0	0	0	0	0	0	0	0	0	0	1	0	0	0	0	0	0	0
Zotu124	0	0	0	0	0	0	0	0	0	0	0	0	0	0	0	0	0	0	0	0	0	0	0	0	0	1	0	0	0	0	0	0
Zotu634	0	0	0	0	0	0	0	0	0	0	0	0	0	0	0	0	0	0	0	0	0	0	0	0	0	1	1	0	0	0	0	0
Zotu55	0	0	0	0	0	0	0	0	0	0	0	0	0	0	0	0	0	0	0	0	0	0	0	0	0	1	0	0	0	0	0	0
Zotu187	0	0	0	0	0	0	0	0	0	0	0	0	0	0	0	0	0	0	0	0	0	0	0	0	0	0	0	0	146	136	113	111
Zotu320	0	0	0	0	0	0	0	0	0	0	0	0	0	0	0	0	0	0	0	0	0	0	0	0	0	0	0	0	53	40	34	46
Zotu863	0	0	0	0	0	0	0	0	0	0	0	0	0	0	0	0	0	0	0	0	0	0	0	0	0	0	0	0	10	7	10	6
Zotu70	0	0	0	0	0	0	0	0	0	0	0	0	0	0	0	0	0	0	0	0	0	0	0	0	0	0	0	0	9	9	8	7
Zotu389	0	0	0	0	0	0	0	0	0	0	0	0	0	0	0	0	0	0	0	0	0	0	0	0	0	0	0	0	1	1	2	0
Zotu63	0	0	0	0	0	0	0	0	0	0	0	0	0	0	0	0	0	0	0	0	0	0	0	0	0	0	0	0	1	0	0	0
Zotu284	0	0	0	0	0	0	0	0	0	0	0	0	0	0	0	0	0	0	0	0	0	0	0	0	0	0	0	0	0	1	0	0
Zotu164	0	0	0	0	0	0	0	0	0	0	0	0	0	0	0	0	0	0	0	0	0	0	0	0	0	0	0	0	0	1	0	0
Zotu1123	0	0	0	0	0	0	0	0	0	0	0	0	0	0	0	0	0	0	0	0	0	0	0	0	0	0	0	0	0	1	0	0
Zotu510	0	0	0	0	0	0	0	0	0	0	0	0	0	0	0	0	0	0	0	0	0	0	0	0	0	0	0	0	0	1	0	0
Zotu56	0	0	0	0	0	0	0	0	0	0	0	0	0	0	0	0	0	0	0	0	0	0	0	0	0	0	0	0	0	0	0	2
