#OTU ID	HEV027a	HEV027b	HEV027c	HEV027d	HEV029a	HEV029b	HEV029c	HEV029d	HEV032	HEV034	HEV038	HEV039	HEV040	HEV042	HEV045	HEV049	HEV050	HEV065a	HEV065d	HEV066a	HEV066d	HEV067a	HEV067d	HEV068a	HEV068d	HEV070a	HEV070d	HEV071a	HEV071d	HEV074a	HEV074d	HEV076a	HEV076d
Zotu1	22825	13563	10305	24980	26724	25699	17129	23215	32053	46224	47479	38107	50181	40677	40065	37683	32137	32136	25926	25470	20556	5671	4229	20959	7462	24164	19718	28351	23604	46648	37648	31183	23772
Zotu403	44615	23033	18879	45698	73521	60422	44011	58397	97252	108133	120815	88969	105351	109780	99630	93981	80935	71874	55520	46283	35873	15519	11278	35206	11805	44780	35128	52180	39933	91499	69358	68782	49087
Zotu390	111	78	58	102	112	85	96	99	114	209	208	178	256	204	192	161	136	115	109	102	83	20	16	90	26	78	80	137	116	183	145	157	104
Zotu84	74	40	41	64	0	0	0	0	0	0	0	0	0	0	0	0	0	0	0	0	0	0	0	0	0	0	0	0	0	0	0	1	0
Zotu48	12	11	7	16	91	96	51	72	0	2	0	0	0	0	42	2	0	0	0	0	0	0	0	0	0	0	0	0	0	0	0	0	0
Zotu170	167	91	87	172	8	3	2	3	0	0	0	0	0	0	0	0	0	0	0	0	0	0	0	0	0	0	0	0	0	0	0	1	2
Zotu32	214	926	564	117	26	107	50	5	0	0	18	0	0	0	243	96	0	93	34	189	67	486	232	25	2	0	0	77	23	47	20	144	43
Zotu143	56	133	57	5	1	4	0	0	162	32	0	0	0	2	0	3	8	5	0	10	0	98	3	0	0	76	0	4	0	14	0	50	1
Zotu493	17	13	7	16	0	0	0	0	0	0	0	3	0	0	0	0	0	0	0	0	0	0	0	0	0	0	0	0	0	0	0	0	0
Zotu7	4	0	0	0	0	0	0	0	0	4	0	0	3	0	0	7	0	78	0	54	0	42	0	128	0	62	0	74	0	63	0	0	0
Zotu125	82	47	50	103	0	0	0	0	3	0	0	0	3	0	0	11	0	51	32	228	187	0	0	0	0	0	0	10	9	8	7	1	4
Zotu152	30	19	22	31	2	0	0	1	0	2	0	0	5	0	34	8	2	3	1	0	2	12	6	1	1	0	0	0	0	0	1	3	4
Zotu132	1	0	0	1	3	5	2	2	13	46	7	6	24	27	5	0	2	0	1	0	0	0	0	2	0	0	0	1	0	2	1	0	1
Zotu19	1	0	0	0	2	0	0	0	1	27	11	0	0	0	12	15	0	1	0	0	0	0	0	0	0	0	0	0	0	0	0	24	0
Zotu141	1	1	1	3	3	1	0	2	9	11	12	24	164	135	40	6	21	2	2	1	1	1	0	0	0	2	3	1	1	3	0	1	3
Zotu3	1	0	0	0	3	0	0	0	5	52	32	8	1	3	9	25	0	0	0	0	0	0	0	3	0	2	0	3	0	7	0	39	0
Zotu410	2	1	0	1	0	0	0	0	3	0	2	0	0	27	0	0	0	0	0	0	0	0	0	0	0	0	0	0	0	1	0	0	0
Zotu28	1	0	0	0	43	31	24	28	0	0	0	1	1	0	0	0	0	0	0	1	1	0	0	0	0	0	0	0	0	0	1	0	0
Zotu2	0	1	0	0	0	0	0	0	0	0	0	0	37	2	0	0	0	0	0	0	0	0	0	0	0	0	0	0	0	0	0	0	0
Zotu38	0	1	0	0	43	29	22	39	134	1007	1	148	5	2	317	1	7	0	0	0	0	1	0	0	0	0	0	0	0	0	0	11	4
Zotu20	0	1	0	0	0	0	0	0	0	0	0	0	0	0	0	0	0	0	0	0	0	0	0	0	0	0	0	0	0	0	0	0	0
Zotu39	0	1	0	3	1	4	7	5	99	191	16	70	270	137	35	17	22	0	0	0	0	0	0	0	0	0	0	0	0	0	0	5	8
Zotu37	0	1	0	0	0	0	0	0	0	0	0	0	0	0	0	0	0	0	0	0	0	0	0	0	0	0	0	0	0	0	0	0	0
Zotu9	0	0	2	0	0	0	0	0	0	0	0	0	0	0	0	0	0	0	0	0	0	0	0	0	0	0	0	0	0	0	0	0	0
Zotu8	0	0	1	0	0	0	1	0	0	0	5	59	0	0	76	0	24	0	0	0	0	0	0	0	0	0	0	0	0	0	0	121	87
Zotu1062	0	0	0	1	0	0	0	0	0	0	0	0	12	0	0	0	0	0	0	0	0	0	0	0	0	0	0	0	0	0	0	0	0
Zotu211	0	0	0	0	83	91	71	83	0	0	0	0	0	0	0	0	0	0	0	0	0	0	0	0	0	0	0	0	0	0	0	0	0
Zotu793	0	0	0	0	11	6	7	5	0	0	0	0	0	0	0	0	0	0	0	0	0	0	0	0	0	0	0	0	0	0	0	0	0
Zotu226	0	0	0	0	7	7	3	4	0	0	0	0	0	0	0	0	0	0	0	20	12	0	0	0	0	0	0	0	0	0	0	0	0
Zotu291	0	0	0	0	43	52	26	36	0	0	0	0	0	0	0	0	0	0	0	0	0	0	0	0	0	0	0	0	0	0	0	0	0
Zotu633	0	0	0	0	11	13	10	10	0	0	0	0	0	0	0	0	0	0	0	0	0	0	0	0	0	0	0	0	0	0	0	0	0
Zotu854	0	0	0	0	1	0	1	0	0	3	0	2	0	0	0	0	0	0	0	0	0	0	0	0	0	0	0	0	0	0	0	0	0
Zotu247	0	0	0	0	75	66	45	63	0	0	0	0	0	0	0	0	0	0	0	0	0	0	0	0	0	0	0	0	0	0	0	0	0
Zotu385	0	0	0	0	28	29	16	27	0	0	0	0	0	0	0	0	0	0	0	0	0	0	0	0	0	0	0	0	0	0	0	0	0
Zotu476	0	0	0	0	36	23	11	9	0	0	0	0	0	0	0	0	0	0	0	0	0	0	0	0	0	0	0	0	0	0	0	0	0
Zotu144	0	0	0	0	11	9	8	3	0	0	0	0	11	0	0	0	0	0	0	0	0	0	0	0	0	0	0	0	0	0	0	0	0
Zotu255	0	0	0	0	3	3	0	2	0	0	0	0	0	0	0	0	0	0	0	0	0	0	0	1	1	0	0	0	2	0	1	0	0
Zotu475	0	0	0	0	73	47	41	61	0	2	2	0	7	13	0	0	0	0	0	0	0	0	0	0	0	0	0	0	0	0	0	0	0
Zotu225	0	0	0	0	19	21	15	28	3	0	0	0	0	0	0	0	0	0	0	0	0	0	0	0	0	0	0	0	0	32	17	0	0
Zotu634	0	0	0	0	10	14	13	8	0	0	0	0	0	0	0	0	0	0	0	0	0	0	0	0	0	0	0	0	0	0	0	0	0
Zotu681	0	0	0	0	6	6	3	4	0	0	0	0	0	14	0	0	0	0	0	0	0	0	0	0	0	0	0	0	0	0	0	0	0
Zotu632	0	0	0	0	10	20	6	11	0	0	0	0	0	0	0	0	0	0	0	0	0	0	0	0	0	0	0	0	0	0	0	0	0
Zotu131	0	0	0	0	2	2	4	3	82	45	10	23	40	46	4	5	2	0	0	0	0	0	0	0	0	0	0	0	0	0	0	2	0
Zotu596	0	0	0	0	2	0	0	0	0	0	0	0	0	0	0	0	0	0	0	0	0	0	0	0	0	0	0	0	0	0	0	0	0
Zotu937	0	0	0	0	1	0	2	0	0	0	0	0	0	0	0	0	0	0	0	0	0	0	0	0	0	0	0	0	0	0	0	0	0
Zotu569	0	0	0	0	12	15	11	12	0	0	0	0	0	0	0	0	0	0	0	0	0	0	0	0	0	0	0	0	0	0	0	0	0
Zotu267	0	0	0	0	0	2	1	0	0	0	0	0	0	0	0	0	0	0	0	0	0	0	0	0	0	0	0	0	0	0	0	0	0
Zotu742	0	0	0	0	0	1	0	0	0	0	0	1	0	0	0	0	0	0	0	0	0	0	0	0	0	0	0	0	0	0	0	0	0
Zotu51	0	0	0	0	0	0	1	0	0	0	0	0	0	0	0	0	0	0	0	0	0	0	0	0	0	0	0	0	0	0	0	0	0
Zotu61	0	0	0	0	0	0	1	0	28	44	12	7	82	50	0	0	0	0	0	1	1	0	0	0	0	0	0	0	0	0	0	1	0
Zotu50	0	0	0	0	0	0	1	0	147	1	10	75	613	172	247	1	63	0	0	0	0	0	0	0	0	0	0	0	0	1	0	0	1
Zotu304	0	0	0	0	0	0	0	0	34	0	0	0	0	0	0	0	0	0	0	0	0	0	0	0	0	0	0	0	0	0	0	10	5
Zotu261	0	0	0	0	0	0	0	0	3	3	0	2	11	1	0	1	0	0	0	0	0	0	0	0	0	0	0	0	0	0	0	0	0
Zotu49	0	0	0	0	0	0	0	0	4	0	0	0	0	0	0	0	0	1	0	1	0	1	0	3	1	1	0	1	0	1	0	672	483
Zotu302	0	0	0	0	0	0	0	0	6	0	0	0	0	0	149	0	0	0	0	0	0	0	0	0	0	0	0	0	0	0	0	0	0
Zotu294	0	0	0	0	0	0	0	0	3	0	0	0	0	0	0	0	0	0	0	0	0	0	0	0	0	0	0	0	0	0	0	0	0
Zotu557	0	0	0	0	0	0	0	0	16	0	0	0	0	31	0	0	0	0	0	0	0	0	0	0	0	0	0	0	0	0	0	0	0
Zotu140	0	0	0	0	0	0	0	0	2	0	0	0	0	0	0	0	6	0	0	0	0	0	0	0	0	0	0	0	0	0	0	1	0
Zotu1014	0	0	0	0	0	0	0	0	31	0	0	0	0	0	0	0	0	0	0	0	0	0	0	0	0	0	0	0	0	0	0	0	0
Zotu680	0	0	0	0	0	0	0	0	33	0	0	0	0	0	0	0	0	0	0	0	0	0	0	0	0	0	0	0	0	0	0	0	0
Zotu245	0	0	0	0	0	0	0	0	11	0	0	0	0	0	0	0	0	0	0	0	0	1	0	0	0	0	0	0	0	0	0	9	2
Zotu63	0	0	0	0	0	0	0	0	7	442	0	0	0	0	0	0	0	0	0	0	0	1	0	0	0	0	0	0	0	0	0	1	0
Zotu239	0	0	0	0	0	0	0	0	1	0	1	0	1	0	0	1	0	0	0	0	0	0	0	0	0	0	0	0	0	0	0	0	0
Zotu554	0	0	0	0	0	0	0	0	2	0	0	0	0	0	0	0	0	0	0	0	0	0	0	0	0	0	0	0	0	0	0	0	0
Zotu860	0	0	0	0	0	0	0	0	1	0	0	0	0	0	0	0	0	0	0	0	0	0	0	0	0	0	0	0	0	0	0	0	0
Zotu926	0	0	0	0	0	0	0	0	0	14	0	0	1	3	0	0	0	0	0	0	0	0	0	0	0	0	0	0	0	0	0	0	0
Zotu375	0	0	0	0	0	0	0	0	0	6	0	0	0	0	0	0	0	0	0	0	0	0	0	0	0	0	0	0	0	0	0	0	0
Zotu238	0	0	0	0	0	0	0	0	0	47	0	0	0	0	0	0	0	0	0	0	0	0	0	0	0	0	0	0	0	0	0	0	0
Zotu1200	0	0	0	0	0	0	0	0	0	5	0	0	0	0	0	0	0	0	0	0	0	0	0	0	0	0	0	0	0	0	0	0	0
Zotu1198	0	0	0	0	0	0	0	0	0	1	0	0	0	0	0	0	0	0	0	0	0	0	0	0	0	0	0	0	0	0	0	0	0
Zotu364	0	0	0	0	0	0	0	0	0	11	0	0	0	0	0	0	0	0	0	0	0	0	0	0	0	0	0	0	0	0	0	0	0
Zotu90	0	0	0	0	0	0	0	0	0	2	0	0	0	0	0	0	0	0	0	0	0	0	0	0	0	0	0	0	0	0	0	0	0
Zotu351	0	0	0	0	0	0	0	0	0	1	0	0	0	0	0	0	0	0	0	0	0	0	0	0	0	0	0	0	0	0	0	0	0
Zotu42	0	0	0	0	0	0	0	0	0	1	0	0	0	0	0	0	0	0	0	0	0	0	0	0	0	0	0	0	0	0	0	0	0
Zotu80	0	0	0	0	0	0	0	0	0	0	84	100	0	0	0	0	0	0	0	0	0	0	0	0	0	0	0	0	0	0	0	0	0
Zotu437	0	0	0	0	0	0	0	0	0	0	97	2	0	0	0	0	0	0	0	0	0	0	0	0	0	0	0	0	0	0	0	0	0
Zotu892	0	0	0	0	0	0	0	0	0	0	32	0	0	0	0	0	0	0	0	0	0	0	0	0	0	0	0	0	0	0	0	18	9
Zotu21	0	0	0	0	0	0	0	0	0	0	1	0	5	0	0	0	0	0	0	0	0	0	0	0	0	0	0	0	0	0	0	0	0
Zotu738	0	0	0	0	0	0	0	0	0	0	15	0	35	0	0	0	0	0	0	0	0	0	0	0	0	0	0	0	0	0	0	0	0
Zotu979	0	0	0	0	0	0	0	0	0	0	1	0	17	0	0	0	0	0	0	0	0	0	0	0	0	0	0	0	0	0	0	0	0
Zotu1081	0	0	0	0	0	0	0	0	0	0	1	0	0	0	0	0	0	0	0	0	0	0	0	0	0	0	0	0	0	0	0	5	1
Zotu15	0	0	0	0	0	0	0	0	0	0	0	1	0	0	0	0	1	0	0	0	0	0	0	0	0	0	0	0	0	0	0	1	1
Zotu70	0	0	0	0	0	0	0	0	0	0	0	2	0	0	0	0	0	0	0	0	0	0	0	0	0	0	0	1662	1328	0	0	0	0
Zotu686	0	0	0	0	0	0	0	0	0	0	0	1	17	1	0	0	0	0	0	0	0	0	0	0	0	0	0	0	0	0	0	0	0
Zotu621	0	0	0	0	0	0	0	0	0	0	0	1	0	0	0	0	0	0	0	0	0	0	0	0	0	0	0	0	0	0	0	0	0
Zotu76	0	0	0	0	0	0	0	0	0	0	0	1	0	0	0	0	0	0	0	0	0	0	0	0	0	0	0	0	0	0	0	0	0
Zotu411	0	0	0	0	0	0	0	0	0	0	0	1	0	0	0	0	0	0	0	0	0	0	0	0	0	0	0	0	0	0	0	0	0
Zotu166	0	0	0	0	0	0	0	0	0	0	0	0	522	0	0	0	0	0	0	0	0	0	0	0	0	0	0	0	0	0	0	0	0
Zotu99	0	0	0	0	0	0	0	0	0	0	0	0	180	44	0	0	0	2	0	0	0	0	0	1	0	0	0	1	0	0	0	123	67
Zotu763	0	0	0	0	0	0	0	0	0	0	0	0	9	0	0	0	0	0	0	0	0	17	11	0	0	0	0	0	0	0	0	0	0
Zotu1199	0	0	0	0	0	0	0	0	0	0	0	0	4	0	0	0	0	0	0	0	0	0	0	0	0	0	0	0	0	0	0	2	10
Zotu179	0	0	0	0	0	0	0	0	0	0	0	0	1	2	0	0	0	0	0	0	0	0	0	0	0	0	0	0	0	0	0	0	0
Zotu349	0	0	0	0	0	0	0	0	0	0	0	0	0	101	0	0	0	0	0	0	0	0	0	0	0	0	0	0	0	0	0	0	0
Zotu1013	0	0	0	0	0	0	0	0	0	0	0	0	0	19	0	0	0	0	0	0	0	0	0	0	0	0	0	0	0	0	0	0	0
Zotu455	0	0	0	0	0	0	0	0	0	0	0	0	0	1	0	0	0	0	0	0	0	0	0	0	0	0	0	0	0	0	0	0	0
Zotu112	0	0	0	0	0	0	0	0	0	0	0	0	0	0	1238	0	0	0	0	0	0	0	0	0	0	0	0	0	0	0	0	0	0
Zotu117	0	0	0	0	0	0	0	0	0	0	0	0	0	0	903	0	0	106	68	0	0	0	0	0	0	0	0	0	0	0	0	0	0
Zotu353	0	0	0	0	0	0	0	0	0	0	0	0	0	0	82	0	52	0	0	0	0	0	0	0	0	0	0	0	0	0	0	0	0
Zotu1101	0	0	0	0	0	0	0	0	0	0	0	0	0	0	14	0	0	0	0	0	0	0	0	0	0	0	0	0	0	0	0	0	0
Zotu857	0	0	0	0	0	0	0	0	0	0	0	0	0	0	3	0	0	0	0	0	0	0	0	0	0	0	0	0	0	0	0	0	0
Zotu864	0	0	0	0	0	0	0	0	0	0	0	0	0	0	17	0	0	0	0	0	0	0	0	0	0	0	0	0	0	0	0	0	0
Zotu697	0	0	0	0	0	0	0	0	0	0	0	0	0	0	1	0	0	0	0	0	0	0	0	0	0	0	0	0	0	0	0	0	0
Zotu368	0	0	0	0	0	0	0	0	0	0	0	0	0	0	0	109	0	0	0	0	0	0	0	0	0	0	0	0	0	0	0	0	0
Zotu139	0	0	0	0	0	0	0	0	0	0	0	0	0	0	0	65	0	0	0	0	0	0	0	0	0	0	0	0	0	0	0	0	0
Zotu408	0	0	0	0	0	0	0	0	0	0	0	0	0	0	0	14	67	0	0	0	0	0	0	0	0	18	4	0	0	0	0	0	0
Zotu159	0	0	0	0	0	0	0	0	0	0	0	0	0	0	0	49	0	0	0	0	0	0	0	0	0	0	0	0	0	0	0	0	0
Zotu849	0	0	0	0	0	0	0	0	0	0	0	0	0	0	0	14	13	0	0	0	0	0	0	0	0	0	0	0	0	0	0	0	0
Zotu290	0	0	0	0	0	0	0	0	0	0	0	0	0	0	0	1	0	0	0	0	0	0	0	0	0	0	0	0	0	0	0	0	0
Zotu87	0	0	0	0	0	0	0	0	0	0	0	0	0	0	0	0	435	0	0	0	0	0	0	0	0	0	0	0	0	0	0	0	0
Zotu257	0	0	0	0	0	0	0	0	0	0	0	0	0	0	0	0	230	0	0	0	0	0	0	0	0	0	0	0	0	0	0	0	0
Zotu104	0	0	0	0	0	0	0	0	0	0	0	0	0	0	0	0	1	0	0	0	0	0	0	0	0	0	0	0	0	0	0	0	0
Zotu14	0	0	0	0	0	0	0	0	0	0	0	0	0	0	0	0	0	4	0	15	0	10	0	13	0	11	0	11	0	8	0	0	0
Zotu227	0	0	0	0	0	0	0	0	0	0	0	0	0	0	0	0	0	1	0	0	0	0	0	0	0	0	0	0	0	0	0	0	0
Zotu419	0	0	0	0	0	0	0	0	0	0	0	0	0	0	0	0	0	4	1	0	0	0	0	0	0	0	0	0	0	0	0	0	0
Zotu13	0	0	0	0	0	0	0	0	0	0	0	0	0	0	0	0	0	1	0	0	0	0	0	0	0	0	0	0	0	0	0	0	0
Zotu791	0	0	0	0	0	0	0	0	0	0	0	0	0	0	0	0	0	0	0	18	31	0	0	0	0	0	0	0	0	0	0	0	0
Zotu631	0	0	0	0	0	0	0	0	0	0	0	0	0	0	0	0	0	0	0	21	21	0	0	0	0	0	0	0	0	0	0	0	0
Zotu1076	0	0	0	0	0	0	0	0	0	0	0	0	0	0	0	0	0	0	0	7	8	0	0	0	0	0	0	0	0	0	0	0	0
Zotu567	0	0	0	0	0	0	0	0	0	0	0	0	0	0	0	0	0	0	0	44	26	0	0	0	0	0	0	0	0	0	0	0	0
Zotu1038	0	0	0	0	0	0	0	0	0	0	0	0	0	0	0	0	0	0	0	11	0	0	0	0	0	0	0	0	0	0	0	0	0
Zotu719	0	0	0	0	0	0	0	0	0	0	0	0	0	0	0	0	0	0	0	18	18	0	0	0	0	0	0	0	0	0	0	0	0
Zotu64	0	0	0	0	0	0	0	0	0	0	0	0	0	0	0	0	0	0	0	1	0	0	0	0	0	0	0	0	0	0	0	0	0
Zotu193	0	0	0	0	0	0	0	0	0	0	0	0	0	0	0	0	0	0	0	2	0	0	0	0	0	1	0	0	0	0	0	0	0
Zotu1015	0	0	0	0	0	0	0	0	0	0	0	0	0	0	0	0	0	0	0	0	0	31	118	0	0	0	0	0	0	0	0	0	0
Zotu220	0	0	0	0	0	0	0	0	0	0	0	0	0	0	0	0	0	0	0	0	0	178	116	0	0	0	0	0	0	0	0	0	0
Zotu599	0	0	0	0	0	0	0	0	0	0	0	0	0	0	0	0	0	0	0	0	0	19	8	0	0	0	0	0	0	0	0	0	0
Zotu648	0	0	0	0	0	0	0	0	0	0	0	0	0	0	0	0	0	0	0	0	0	33	16	0	0	0	0	0	0	0	0	0	0
Zotu1063	0	0	0	0	0	0	0	0	0	0	0	0	0	0	0	0	0	0	0	0	0	1	0	0	0	0	0	0	0	0	0	0	0
Zotu41	0	0	0	0	0	0	0	0	0	0	0	0	0	0	0	0	0	0	0	0	0	0	1	0	0	0	0	0	1	0	0	0	0
Zotu1161	0	0	0	0	0	0	0	0	0	0	0	0	0	0	0	0	0	0	0	0	0	0	0	14	1	0	0	0	0	0	0	0	0
Zotu16	0	0	0	0	0	0	0	0	0	0	0	0	0	0	0	0	0	0	0	0	0	0	0	4	0	0	0	0	0	0	0	0	0
Zotu29	0	0	0	0	0	0	0	0	0	0	0	0	0	0	0	0	0	0	0	0	0	0	0	1	0	37	22	0	0	0	0	0	0
Zotu161	0	0	0	0	0	0	0	0	0	0	0	0	0	0	0	0	0	0	0	0	0	0	0	7	2	0	0	0	0	0	0	0	0
Zotu1102	0	0	0	0	0	0	0	0	0	0	0	0	0	0	0	0	0	0	0	0	0	0	0	12	4	0	0	0	0	0	0	0	0
Zotu373	0	0	0	0	0	0	0	0	0	0	0	0	0	0	0	0	0	0	0	0	0	0	0	2	0	0	0	0	0	0	0	0	0
Zotu360	0	0	0	0	0	0	0	0	0	0	0	0	0	0	0	0	0	0	0	0	0	0	0	1	0	0	0	0	0	0	0	0	0
Zotu10	0	0	0	0	0	0	0	0	0	0	0	0	0	0	0	0	0	0	0	0	0	0	0	1	0	0	0	0	0	0	0	0	0
Zotu69	0	0	0	0	0	0	0	0	0	0	0	0	0	0	0	0	0	0	0	0	0	0	0	0	0	83	13	0	0	64	13	0	0
Zotu535	0	0	0	0	0	0	0	0	0	0	0	0	0	0	0	0	0	0	0	0	0	0	0	0	0	62	69	0	0	0	0	0	0
Zotu311	0	0	0	0	0	0	0	0	0	0	0	0	0	0	0	0	0	0	0	0	0	0	0	0	0	1	0	0	0	0	0	0	0
Zotu384	0	0	0	0	0	0	0	0	0	0	0	0	0	0	0	0	0	0	0	0	0	0	0	0	0	0	0	0	0	72	37	0	0
Zotu1100	0	0	0	0	0	0	0	0	0	0	0	0	0	0	0	0	0	0	0	0	0	0	0	0	0	0	0	0	0	9	6	0	0
Zotu1160	0	0	0	0	0	0	0	0	0	0	0	0	0	0	0	0	0	0	0	0	0	0	0	0	0	0	0	0	0	7	4	0	0
Zotu598	0	0	0	0	0	0	0	0	0	0	0	0	0	0	0	0	0	0	0	0	0	0	0	0	0	0	0	0	0	39	21	0	0
Zotu484	0	0	0	0	0	0	0	0	0	0	0	0	0	0	0	0	0	0	0	0	0	0	0	0	0	0	0	0	0	0	0	59	13
Zotu623	0	0	0	0	0	0	0	0	0	0	0	0	0	0	0	0	0	0	0	0	0	0	0	0	0	0	0	0	0	0	0	20	25
Zotu536	0	0	0	0	0	0	0	0	0	0	0	0	0	0	0	0	0	0	0	0	0	0	0	0	0	0	0	0	0	0	0	1	0
Zotu148	0	0	0	0	0	0	0	0	0	0	0	0	0	0	0	0	0	0	0	0	0	0	0	0	0	0	0	0	0	0	0	0	1
