#OTU ID	PHH043	PHH044	PHH045	PHH046	PHH047	PHH049	PHH050	PHH051	PHH052	PHH053	PHH054	PHH055	PHH056	PHH057	PHH058	PHH059	PHH060	PHH061	PHH062	PHH063	PHH065	PHH066	PHH067	PHH068	PHH069	PHH070	PHH071	PHH072	PHH073	PHH074	PHH075	QC1a	QC1b	QC1c	QC1d	SCY03	SCY04	SCY07	SCY08	SCY09	SCY10	SCY12	SCY15	SCY16	SCY17
Zotu2	110024	75560	63388	121710	83612	89005	133621	101207	101429	88124	67117	65278	94139	94222	102477	90080	101673	91628	67773	105519	73451	110502	90804	113339	87106	97313	84720	94871	112200	89122	125399	0	0	0	0	0	1	0	7	0	5	7	0	1	1
Zotu388	117	0	0	0	0	0	0	0	0	0	0	0	0	0	0	0	0	0	0	0	0	0	0	0	0	0	0	0	0	0	0	0	0	0	0	0	0	0	0	0	0	0	0	0	0
Zotu31	1291	759	1782	665	949	1208	2262	1598	2060	848	586	910	724	1213	610	1793	988	834	696	1370	442	971	1410	940	1016	1030	2796	1887	1256	1571	1387	0	0	0	0	0	0	0	0	0	0	0	0	0	0
Zotu34	689	317	754	378	1124	639	1595	798	1096	343	469	501	383	697	337	913	572	583	578	753	357	546	1111	488	567	498	1477	1225	686	986	891	0	0	0	0	0	0	0	0	0	0	0	0	0	0
Zotu44	1112	505	1223	589	581	742	1013	1249	1476	326	245	375	544	977	609	1414	930	582	252	864	261	692	582	439	661	613	1781	988	1019	977	875	0	0	0	0	0	0	0	0	0	0	0	0	0	0
Zotu52	267	110	301	155	207	244	267	411	477	61	65	125	131	311	195	439	323	179	55	233	44	204	188	84	243	160	553	324	321	345	283	0	0	0	0	0	0	0	0	0	0	0	0	0	0
Zotu25	1208	451	507	700	2946	1631	2892	2236	1415	1600	2641	1830	1110	1041	828	937	1453	1754	1968	1402	1485	1263	1828	2154	889	766	2047	2732	1712	1255	1238	0	0	0	0	0	0	0	0	0	0	0	0	0	0
Zotu172	125	14	2	13	0	89	38	7	7	15	2	0	76	21	0	65	11	0	0	253	141	10	2	0	14	12	41	36	3	25	11	0	0	0	0	0	0	0	0	0	0	0	0	0	0
Zotu24	1679	886	2575	1351	7191	3	5079	6436	1897	1299	4743	3123	846	1501	2165	1606	4437	1272	2937	1	1149	3139	3857	4143	8	1817	2928	4396	4496	3946	3462	0	0	0	0	0	0	0	0	0	0	0	0	0	0
Zotu46	362	168	405	214	284	294	375	541	620	49	93	115	117	406	180	554	382	254	65	286	74	259	278	110	316	193	740	386	366	445	387	0	0	0	0	0	0	0	0	0	0	0	0	0	0
Zotu107	37	6	33	15	24	25	36	49	59	6	7	19	12	44	17	43	42	18	1	24	9	27	34	12	23	24	64	43	30	38	35	0	0	0	0	0	0	0	0	0	0	0	0	0	0
Zotu55	242	66	105	136	256	243	201	469	303	83	101	134	164	218	201	268	315	243	74	202	68	209	110	129	175	95	379	240	319	216	201	0	0	0	0	0	0	0	0	0	0	0	0	0	0
Zotu37	927	601	473	429	1215	1054	1289	1108	607	365	323	546	519	598	535	618	815	747	555	819	377	759	649	511	492	448	891	792	853	711	958	0	0	0	0	0	0	0	0	0	0	0	0	0	0
Zotu164	248	118	135	260	200	164	297	290	257	167	153	141	193	217	181	262	220	170	164	225	122	192	205	193	193	188	234	211	259	215	249	0	0	0	0	0	0	0	0	0	0	0	0	0	0
Zotu35	700	619	1170	438	834	923	1794	1041	1270	484	339	547	401	979	413	1279	700	570	491	1113	287	777	1179	542	586	602	1879	1378	777	1347	1371	0	0	0	0	0	0	0	0	0	0	0	0	0	0
Zotu66	93	65	49	191	113	73	43	141	92	113	0	27	116	105	72	81	90	87	6	198	53	41	166	29	48	26	63	146	167	37	76	0	0	0	0	0	0	0	0	0	0	0	0	0	0
Zotu71	100	52	182	86	56	113	148	172	176	34	13	47	58	166	71	230	139	70	32	110	30	85	82	53	81	71	264	117	150	182	172	0	0	0	0	0	0	0	0	0	0	0	0	0	0
Zotu65	39	14	11	13	11	26	7	41	17	1	0	2	13	23	21	31	31	18	1	18	2	17	5	7	15	9	37	11	32	20	21	0	0	0	0	0	0	0	0	0	0	0	0	0	0
Zotu81	91	47	103	58	24	71	98	109	128	30	15	28	30	88	51	135	82	47	19	63	17	55	54	38	69	54	187	97	83	74	80	0	0	0	0	0	0	0	0	0	0	0	0	0	0
Zotu644	8	3	4	0	3	3	2	10	15	1	1	4	3	2	0	10	5	1	1	0	1	1	6	3	1	0	21	8	3	5	4	0	0	0	0	0	0	0	0	0	0	0	0	0	0
Zotu85	87	29	34	35	74	77	64	128	67	18	14	30	40	59	54	76	94	59	16	44	19	55	27	30	48	37	84	54	82	59	59	0	0	0	0	0	0	0	0	0	0	0	0	0	0
Zotu79	159	73	90	60	90	146	110	200	98	33	10	48	84	126	86	107	150	96	25	85	16	110	49	46	73	64	142	78	139	104	117	0	0	0	0	0	0	0	0	0	0	0	0	0	0
Zotu724	10	0	0	0	0	1	6	0	1	0	0	0	0	0	0	0	1	0	0	0	0	0	0	0	0	0	0	2	6	0	0	0	0	0	0	0	0	0	0	0	0	0	0	0	0
Zotu32	149	218	72	447	1315	322	622	152	72	1551	2184	845	394	119	130	51	150	100	3671	3421	3172	2524	2209	2681	718	1183	855	3704	595	1076	1675	0	0	0	0	24	9	1	9	4	2	17	0	49	11
Zotu689	4	0	0	1	0	0	0	0	0	0	0	0	0	0	0	0	1	0	0	0	0	0	0	0	0	0	0	22	7	1	0	0	0	0	0	0	0	0	0	0	0	0	0	0	0
Zotu682	2	0	1	1	94	42	0	35	7	1	0	5	0	7	2	6	0	7	0	5	0	4	7	4	8	2	8	1	18	11	0	0	0	0	0	0	0	0	0	0	0	0	0	0	0
Zotu97	98	61	110	38	45	96	103	145	123	26	8	23	39	130	59	145	94	56	13	105	12	94	50	24	79	59	177	106	81	117	122	0	0	0	0	0	0	0	0	0	0	0	0	0	0
Zotu1000	16	13	31	20	46	0	24	84	25	7	16	20	10	22	33	28	77	25	9	0	6	31	25	36	2	13	33	41	70	46	38	0	0	0	0	0	0	0	0	0	0	0	0	0	0
Zotu95	43	33	77	22	67	55	126	68	98	91	26	46	42	52	38	51	32	42	23	142	31	36	53	68	48	58	107	62	46	63	87	0	0	0	0	0	0	0	0	0	0	0	0	0	0
Zotu413	10	2	12	10	7	3	7	11	14	3	4	9	7	7	6	15	16	20	3	9	6	11	2	6	3	8	10	5	4	17	20	0	0	0	0	0	0	0	0	0	0	0	0	0	0
Zotu1	14	1	0	3	4	26	7	5	3	0	134	40	6	0	5	1	0	3	87	57	97	10	53	11	13	20	7	43	7	14	22	0	0	0	0	55	29	37	60	60	68	47	35	103	68
Zotu88	138	63	201	71	120	98	197	210	209	32	28	74	56	157	80	206	152	114	43	124	32	101	123	46	123	75	283	170	131	177	149	0	0	0	0	0	0	0	0	0	0	0	0	0	0
Zotu878	7	2	3	5	4	4	10	3	1	2	2	1	4	4	4	5	5	2	1	7	2	5	0	1	3	3	15	6	5	3	6	0	0	0	0	0	0	0	0	0	0	0	0	0	0
Zotu604	66	0	0	0	0	0	0	0	0	0	0	0	0	0	0	0	0	0	0	0	0	0	0	0	0	0	1	0	0	0	0	0	0	0	0	0	0	0	0	0	0	0	0	0	0
Zotu1123	54	18	34	40	68	64	113	113	126	36	27	45	39	75	48	69	69	42	32	66	29	60	86	55	49	44	115	95	69	95	77	0	0	0	0	0	0	0	0	0	0	0	0	0	0
Zotu392	20	0	0	0	0	38	0	0	0	0	0	0	40	1	0	0	6	0	0	0	0	0	0	2	0	0	0	0	0	1	2	0	0	0	0	0	0	0	0	0	0	0	0	0	0
Zotu263	41	12	28	16	43	34	49	53	83	11	10	53	12	31	13	68	22	32	20	32	8	32	32	13	29	13	102	50	35	49	51	0	0	0	0	0	0	0	0	0	0	0	0	0	0
Zotu94	54	8	16	16	130	94	159	100	51	56	58	66	55	39	24	42	46	88	81	106	47	39	77	124	52	39	55	177	91	57	59	0	0	0	0	0	0	0	0	0	0	0	0	0	0
Zotu143	12	8	42	7	0	11	3	0	0	0	0	0	0	1	0	0	1	0	7	2	5	15	9	19	3	0	0	0	0	0	8	0	0	0	0	13	11	28	0	6	5	12	2	20	6
Zotu58	4	0	5	1	3	2	4	8	4	1	0	2	0	6	4	13	7	1	2	3	1	2	1	1	5	2	9	5	1	5	1	0	0	0	0	0	0	0	0	0	0	0	0	0	0
Zotu1058	5	0	0	0	0	0	0	0	0	0	0	0	5	0	0	0	0	0	0	0	0	0	0	0	0	0	5	0	0	0	0	0	0	0	0	0	0	0	0	0	0	0	0	0	0
Zotu370	29	0	15	13	0	27	12	9	3	0	0	2	30	84	0	51	28	1	0	20	21	0	3	0	10	1	8	5	31	13	24	0	0	0	0	0	0	0	0	0	0	0	0	0	0
Zotu75	1	0	0	0	0	0	0	0	0	0	0	0	2638	0	0	0	0	0	0	0	0	0	0	0	0	0	0	0	0	0	0	0	0	0	0	0	0	0	0	0	0	0	0	0	0
Zotu1171	13	0	0	0	0	0	0	0	0	0	0	0	0	0	0	0	0	0	0	0	0	0	0	0	0	0	0	0	0	0	0	0	0	0	0	0	0	0	0	0	0	0	0	0	0
Zotu145	30	10	6	27	93	34	74	34	39	27	49	48	36	27	25	24	31	34	45	54	34	19	40	30	16	28	42	50	47	30	41	0	0	0	0	0	0	0	0	0	0	0	0	0	0
Zotu784	2	1	0	11	9	6	1	6	5	1	7	1	1	7	5	2	0	5	1	2	1	2	5	8	3	0	10	12	13	5	2	0	0	0	0	0	0	0	0	0	0	0	0	0	0
Zotu403	9	1	0	9	3	25	9	0	0	0	109	43	3	0	6	0	0	2	41	16	136	15	25	6	7	5	7	27	8	10	26	0	0	0	0	110	38	69	136	146	130	35	63	165	100
Zotu379	5	2	4	4	2	3	6	10	6	1	0	6	4	10	3	4	7	7	1	9	2	5	6	5	5	8	4	12	7	11	5	0	0	0	0	0	0	0	0	0	0	0	0	0	0
Zotu802	31	0	0	0	0	0	0	0	0	0	0	0	0	0	0	0	0	0	0	0	0	0	0	0	0	0	0	0	0	0	0	0	0	0	0	0	0	0	0	0	0	0	0	0	0
Zotu533	9	0	0	0	0	0	0	0	0	0	0	0	2	0	3	0	4	0	0	0	33	4	0	0	2	2	3	0	0	0	0	0	0	0	0	0	0	0	0	0	0	0	0	0	0
Zotu866	1	0	0	1	0	0	0	0	0	0	0	0	0	0	4	0	0	5	0	0	0	8	0	2	0	0	1	0	0	0	0	0	0	0	0	0	0	0	0	0	0	0	0	0	0
Zotu366	5	1	0	0	0	25	0	0	185	0	0	0	103	43	0	63	0	54	0	92	22	0	0	0	104	0	118	0	0	0	0	0	0	0	0	0	0	0	0	0	0	0	0	0	0
Zotu169	6	0	0	6	29	19	80	8	22	20	27	23	10	11	3	9	12	20	50	17	15	17	34	27	12	15	18	44	18	18	22	0	0	0	0	0	0	0	0	0	0	0	0	0	0
Zotu626	8	13	31	7	6	2	2	18	38	0	1	10	6	17	10	18	27	5	3	6	2	12	4	9	10	8	27	4	8	12	22	0	0	0	0	0	0	0	0	0	0	0	0	0	0
Zotu152	4	4	0	0	0	0	0	0	0	0	0	0	0	0	0	0	0	0	0	0	0	0	0	0	0	0	0	3	0	0	7	0	0	0	0	3	0	0	0	0	0	0	0	0	4
Zotu510	6	4	8	4	7	11	11	20	9	1	3	9	2	5	1	7	12	7	2	2	1	6	1	1	12	10	13	8	8	2	4	0	0	0	0	0	0	0	0	0	0	0	0	0	0
Zotu171	12	4	2	18	47	24	33	44	39	13	10	17	13	22	20	36	53	59	10	19	11	13	14	22	10	8	53	39	31	24	22	0	0	0	0	0	0	0	0	0	0	0	0	0	0
Zotu96	1	0	0	0	0	0	0	0	0	0	0	0	0	0	0	0	0	0	0	0	0	0	0	0	0	0	0	0	0	0	0	0	0	0	0	0	0	0	0	0	0	0	0	0	0
Zotu135	13	0	6	26	59	42	124	46	14	10	89	29	26	25	11	17	0	0	70	23	16	27	57	25	8	21	46	37	40	38	52	0	0	0	0	0	0	0	0	0	0	0	0	0	0
Zotu267	2	0	0	0	16	0	3	0	0	0	0	0	0	0	0	0	0	0	0	0	75	0	0	0	0	0	0	0	0	0	0	0	0	0	0	0	0	0	1	0	0	0	0	0	0
Zotu284	4	1	4	2	25	12	19	15	6	7	4	7	4	14	4	5	21	23	1	5	2	9	9	10	6	5	13	19	13	10	16	0	0	0	0	0	0	0	0	0	0	0	0	0	0
Zotu880	2	5	9	3	6	4	7	16	7	0	0	4	5	8	8	4	11	6	5	0	3	9	12	4	3	3	16	5	12	8	20	0	0	0	0	0	0	0	0	0	0	0	0	0	0
Zotu961	3	3	4	0	0	0	3	4	4	0	0	0	2	3	7	2	5	4	0	1	1	5	1	1	2	0	6	1	5	5	3	0	0	0	0	0	0	0	0	0	0	0	0	0	0
Zotu50	1	0	0	0	0	0	0	0	0	0	0	0	0	0	0	0	0	0	0	0	0	0	0	0	0	0	0	0	0	0	0	0	0	0	0	0	0	0	0	0	0	0	0	0	0
Zotu125	3	0	0	3	0	22	0	1	0	0	19	15	0	0	0	0	0	0	6	0	0	2	0	0	0	0	0	0	0	0	0	0	0	0	0	37	0	0	0	0	1	20	0	11	0
Zotu431	5	0	1	3	7	5	0	0	6	0	0	5	3	1	2	3	2	8	2	6	0	2	1	7	3	2	3	2	11	3	4	0	0	0	0	0	0	0	0	0	0	0	0	0	0
Zotu12	1	0	0	2	5	1	2	9	0	0	0	0	0	0	0	0	0	0	4	0	0	0	1	0	0	0	1	0	0	2	2	0	0	0	0	0	0	0	0	0	0	0	0	0	0
Zotu484	2	0	0	0	0	0	0	0	0	0	0	0	0	4	0	0	0	0	0	0	0	0	0	0	0	0	0	0	0	0	2	0	0	0	0	0	0	0	12	0	0	0	0	0	0
Zotu313	7	8	32	9	39	10	3	19	5	2	2	7	22	14	9	8	22	11	9	45	2	20	4	5	5	7	11	10	16	16	18	0	0	0	0	0	0	0	0	0	0	0	0	0	0
Zotu1104	9	0	0	0	0	0	0	0	0	0	0	0	0	0	0	0	0	0	0	0	0	0	0	0	0	0	0	0	0	0	0	0	0	0	0	0	0	0	0	0	0	0	0	0	0
Zotu329	6	0	2	4	8	8	10	12	8	4	1	5	5	6	6	9	13	7	18	6	1	6	5	9	5	2	15	8	3	4	2	0	0	0	0	0	0	0	0	0	0	0	0	0	0
Zotu80	4	0	4	1	479	328	0	10	37	0	1505	46	0	0	5	11	18	0	2	0	8	84	0	0	0	1	89	6	1	0	0	0	0	0	0	0	0	0	0	0	0	0	0	0	0
Zotu677	1	0	0	1	0	0	0	0	6	0	0	0	4	4	0	1	0	2	0	18	0	3	2	1	7	3	6	0	4	4	7	0	0	0	0	0	0	0	0	0	0	0	0	0	0
Zotu531	2	2	4	0	7	4	11	10	7	1	0	0	1	5	1	8	1	0	0	2	0	1	3	0	3	0	14	5	2	1	4	0	0	0	0	0	0	0	0	0	0	0	0	0	0
Zotu786	4	0	0	2	0	0	1	17	3	0	0	1	6	1	2	7	0	2	0	1	0	2	5	0	0	0	0	1	2	7	5	0	0	0	0	0	0	0	0	0	0	0	0	0	0
Zotu22	1	0	0	0	0	0	2	0	3	2	0	0	0	0	0	0	0	0	0	0	0	0	0	0	0	2	0	0	0	0	0	0	0	0	0	0	0	0	0	0	0	0	0	0	0
Zotu119	1	0	0	0	902	0	0	0	0	0	0	0	0	0	0	0	0	0	0	424	0	0	0	0	0	0	0	0	0	0	0	0	0	0	0	0	0	0	0	0	0	0	0	0	0
Zotu1057	1	0	0	2	0	0	0	0	0	0	0	0	0	0	0	3	0	0	0	2	0	0	0	0	0	0	0	1	1	1	0	0	0	0	0	0	0	0	0	0	0	0	0	0	0
Zotu789	1	0	3	0	0	1	0	1	0	0	0	0	0	2	1	4	0	0	0	0	0	0	1	0	0	12	4	0	6	0	1	0	0	0	0	0	0	0	0	0	0	0	0	0	0
Zotu124	1	0	0	0	0	0	1	0	0	0	0	1	0	1	0	1	0	0	0	0	0	0	0	0	0	0	1	0	1	0	0	0	0	0	0	0	0	0	0	0	0	0	0	0	0
Zotu277	0	22	4	18	21	32	0	93	30	2	2	2	0	7	4	27	0	0	0	26	0	22	23	0	13	16	0	0	0	0	3	0	0	0	0	0	0	0	0	0	0	0	0	0	0
Zotu299	0	5	0	1	0	0	0	0	3	0	0	0	1	1	7	11	0	0	0	107	2	0	2	0	0	0	0	0	13	1	0	0	0	0	0	0	0	0	0	0	0	0	0	0	0
Zotu332	0	5	8	3	7	5	8	17	4	1	5	3	2	1	6	8	3	2	1	4	3	2	5	3	0	5	7	3	4	4	3	0	0	0	0	0	0	0	0	0	0	0	0	0	0
Zotu788	0	5	0	0	0	0	0	5	0	0	0	0	9	3	1	4	0	4	0	0	0	13	0	0	0	4	0	0	0	0	2	0	0	0	0	0	0	0	0	0	0	0	0	0	0
Zotu170	0	41	0	0	0	0	0	0	0	0	0	0	0	0	8	0	3	0	0	0	0	0	0	0	0	0	0	0	0	0	0	0	0	0	0	0	0	0	0	0	0	0	0	0	0
Zotu306	0	1	2	0	1	1	2	3	1	0	0	0	2	0	0	1	2	1	0	2	0	0	0	1	0	0	4	2	1	3	1	0	0	0	0	0	0	0	0	0	0	0	0	0	0
Zotu532	0	2	0	0	4	0	0	0	0	0	0	0	1	0	1	0	0	0	0	5	0	2	0	0	0	0	0	0	1	0	1	0	0	0	0	0	0	0	0	0	0	0	0	0	0
Zotu585	0	0	42	0	0	0	0	0	0	0	0	0	0	0	0	0	0	0	0	0	0	0	0	0	0	0	0	0	0	0	0	0	0	0	0	0	0	0	0	0	0	0	0	0	0
Zotu923	0	0	5	0	0	0	0	1	4	0	0	0	1	0	0	5	0	0	0	0	0	0	0	0	1	3	0	0	0	0	0	0	0	0	0	0	0	0	0	0	0	0	0	0	0
Zotu309	0	0	2	0	1	9	2	10	9	8	1	0	3	12	19	3	2	4	0	14	0	21	2	11	2	10	6	0	8	1	0	0	0	0	0	0	0	0	0	0	0	0	0	0	0
Zotu246	0	0	3	0	11	28	1	40	2	0	0	0	0	1	2	8	8	1	0	4	0	0	4	18	4	1	5	28	21	18	28	0	0	0	0	0	0	0	0	0	0	0	0	0	0
Zotu336	0	0	1	0	15	46	0	1	0	0	0	0	0	0	0	44	0	2	0	3	2	1	0	0	0	1	0	4	0	0	0	0	0	0	0	0	0	0	0	0	0	0	0	0	0
Zotu310	0	0	3	4	0	25	16	53	20	0	2	4	2	6	0	7	14	2	0	14	1	0	30	0	32	20	24	12	13	38	20	0	0	0	0	0	0	0	0	0	0	0	0	0	0
Zotu1094	0	0	2	0	0	0	0	0	0	0	0	0	0	0	0	0	0	0	0	0	0	0	0	0	0	0	0	0	0	0	0	0	0	0	0	0	0	0	0	0	0	0	0	0	0
Zotu140	0	0	0	64	0	0	0	78	0	0	0	0	32	0	0	0	0	0	0	0	0	0	0	0	0	0	0	0	0	0	0	0	0	0	0	0	0	0	0	0	0	0	0	0	0
Zotu796	0	0	0	8	0	0	0	0	0	2	0	0	0	0	0	0	0	0	0	0	0	0	0	0	1	0	0	0	0	0	0	0	0	0	0	0	0	0	0	0	0	0	0	0	0
Zotu322	0	0	0	146	0	0	0	0	0	0	0	0	0	0	0	0	0	0	0	0	0	0	0	0	0	0	0	0	0	0	0	0	0	0	0	0	0	0	0	0	0	0	0	0	0
Zotu967	0	0	0	1	0	0	4	3	0	0	0	0	0	1	1	0	0	3	5	0	0	0	0	0	0	0	0	0	0	0	0	0	0	0	0	0	0	0	0	0	0	0	0	0	0
Zotu1190	0	0	0	1	0	0	0	0	0	0	0	0	0	0	0	0	0	0	35	0	0	0	0	0	0	0	0	0	26	0	0	0	0	0	0	0	0	0	0	0	0	0	0	0	0
Zotu438	0	0	0	11	0	0	26	14	0	0	0	0	0	0	5	0	0	17	22	0	0	0	0	0	0	0	0	0	0	0	0	0	0	0	0	0	0	0	0	0	0	0	0	0	0
Zotu3	0	0	0	3	15	0	0	0	0	0	0	0	0	0	0	0	0	0	0	0	0	0	0	0	0	0	0	0	0	0	0	0	0	0	0	0	2	6	4	4	1	6	4	3	1
Zotu581	0	0	0	10	0	0	3	1	0	0	0	0	4	1	0	3	1	6	11	0	9	1	1	0	0	3	0	3	2	5	1	0	0	0	0	0	0	0	0	0	0	0	0	0	0
Zotu1029	0	0	0	7	0	4	0	0	7	0	0	0	0	0	0	1	1	0	0	0	0	0	0	0	1	0	0	2	5	0	0	0	0	0	0	0	0	0	0	0	0	0	0	0	0
Zotu819	0	0	0	1	0	0	0	0	0	0	0	0	1	0	1	0	0	2	0	3	0	0	0	0	0	3	0	0	0	0	2	0	0	0	0	0	0	0	0	0	0	0	0	0	0
Zotu297	0	0	0	2	0	34	0	20	13	0	0	72	0	7	0	4	0	0	0	0	0	3	1	14	0	0	2	0	7	8	12	0	0	0	0	0	0	0	0	0	0	0	0	0	0
Zotu580	0	0	0	1	3	0	0	2	2	0	0	0	0	8	0	2	1	12	0	0	0	0	0	0	3	0	0	0	6	0	6	0	0	0	0	0	0	0	0	0	0	0	0	0	0
Zotu390	0	0	0	1	0	0	0	0	0	0	1	0	1	0	0	0	0	0	0	0	0	2	0	0	0	0	1	0	0	0	0	0	0	0	0	0	0	0	0	1	0	0	0	0	0
Zotu442	0	0	0	0	71	0	0	21	0	0	0	0	0	0	0	0	0	0	0	0	0	0	0	0	0	0	0	0	0	0	0	0	0	0	0	0	0	0	0	0	0	0	0	0	0
Zotu232	0	0	0	0	50	0	0	6	0	0	0	0	0	0	0	8	1	0	0	0	0	46	0	1	0	15	1	0	0	3	0	0	0	0	0	0	0	0	0	0	0	0	0	0	0
Zotu907	0	0	0	0	4	2	0	2	0	0	0	0	1	2	0	0	1	0	3	1	2	4	1	4	0	0	1	2	5	1	1	0	0	0	0	0	0	0	0	0	0	0	0	0	0
Zotu951	0	0	0	0	8	0	0	0	3	3	0	0	0	0	0	0	7	10	0	0	0	0	0	4	0	0	0	9	0	0	0	0	0	0	0	0	0	0	0	0	0	0	0	0	0
Zotu755	0	0	0	0	1	0	3	0	0	0	0	0	0	0	3	0	0	0	0	0	0	0	0	0	0	0	0	0	4	0	0	0	0	0	0	0	0	0	0	0	0	0	0	0	0
Zotu1056	0	0	0	0	13	0	0	1	0	0	0	0	0	0	0	0	1	0	0	0	1	0	0	0	0	0	0	0	0	0	1	0	0	0	0	0	0	0	0	0	0	0	0	0	0
Zotu589	0	0	0	0	7	1	42	36	8	0	41	0	3	5	2	5	3	3	13	3	2	0	0	46	3	2	16	0	9	12	56	0	0	0	0	0	0	0	0	0	0	0	0	0	0
Zotu803	0	0	0	0	4	0	0	5	1	0	0	0	0	0	0	14	0	0	0	0	0	0	5	0	7	0	0	0	2	0	1	0	0	0	0	0	0	0	0	0	0	0	0	0	0
Zotu11	0	0	0	0	4	0	0	0	0	0	0	0	0	0	0	0	0	0	2	0	1	0	0	0	0	0	0	2	0	0	0	0	0	0	0	0	0	0	0	0	0	0	0	0	0
Zotu1103	0	0	0	0	4	0	0	0	5	0	0	0	0	0	0	0	0	0	0	0	0	0	0	0	1	0	1	0	0	2	3	0	0	0	0	0	0	0	0	0	0	0	0	0	0
Zotu503	0	0	0	0	4	0	4	19	14	0	0	0	0	1	4	13	12	8	0	0	0	0	34	6	14	0	42	6	0	18	3	0	0	0	0	0	0	0	0	0	0	0	0	0	0
Zotu348	0	0	0	0	1	1	0	0	0	0	0	0	0	1	0	0	0	0	0	0	0	0	0	0	0	0	0	0	0	0	0	0	0	0	0	0	0	0	0	0	0	0	0	0	0
Zotu74	0	0	0	0	1	1	0	0	0	1	0	0	0	0	0	0	0	1	0	0	0	0	0	1	0	0	0	1	0	0	0	0	0	0	0	0	0	0	0	0	0	0	0	0	0
Zotu83	0	0	0	0	0	2446	0	0	0	0	0	34	0	0	0	0	0	0	0	0	0	0	15	0	0	0	0	0	0	0	0	0	0	0	0	0	0	4	2	0	0	0	0	0	0
Zotu439	0	0	0	0	0	106	0	0	0	0	0	0	0	0	0	0	0	0	0	0	0	0	3	0	0	0	0	0	0	0	0	0	0	0	0	0	0	0	0	0	0	0	0	0	0
Zotu147	0	0	0	0	0	92	0	0	0	0	0	0	73	251	0	0	0	0	155	0	0	0	0	0	1	0	88	0	133	0	0	0	0	0	0	0	0	0	0	0	0	0	0	0	0
Zotu1112	0	0	0	0	0	5	0	4	0	0	0	0	0	0	0	0	3	0	0	0	0	0	0	0	0	1	1	1	0	0	3	0	0	0	0	0	0	0	0	0	0	0	0	0	0
Zotu1026	0	0	0	0	0	11	0	14	1	0	0	0	0	3	0	0	10	1	0	0	0	0	1	0	2	0	11	0	4	1	0	0	0	0	0	0	0	0	0	0	0	0	0	0	0
Zotu590	0	0	0	0	0	4	0	20	0	0	0	0	0	8	0	8	0	0	0	0	0	2	0	0	0	0	0	0	24	2	0	0	0	0	0	0	0	0	0	0	0	0	0	0	0
Zotu1084	0	0	0	0	0	3	2	0	0	0	0	0	0	0	0	0	0	0	0	0	0	0	0	0	0	0	0	0	0	0	0	0	0	0	0	0	0	0	0	0	0	0	0	0	0
Zotu20	0	0	0	0	0	3	0	0	0	0	0	1	0	0	0	0	0	0	0	0	0	1	0	1	0	0	0	0	3	0	0	0	0	0	0	0	0	0	0	0	0	0	0	0	0
Zotu643	0	0	0	0	0	17	12	1	2	0	0	0	0	0	1	0	2	0	0	0	0	0	0	0	0	0	5	0	1	1	0	0	0	0	0	0	0	0	0	0	0	0	0	0	0
Zotu495	0	0	0	0	0	6	0	7	4	0	0	1	0	1	0	0	8	8	0	2	0	0	0	0	5	3	17	0	7	0	0	0	0	0	0	0	0	0	0	0	0	0	0	0	0
Zotu302	0	0	0	0	0	8	0	0	0	0	0	0	0	0	0	0	0	0	0	0	0	0	0	0	0	0	0	0	0	0	0	0	0	0	0	0	0	0	0	0	0	0	0	0	0
Zotu467	0	0	0	0	0	5	0	0	7	0	0	0	1	0	0	0	0	2	4	2	0	0	0	3	35	4	0	0	9	0	0	0	0	0	0	0	0	0	0	0	0	0	0	0	0
Zotu378	0	0	0	0	0	7	0	1	1	0	0	60	0	0	0	8	14	0	1	0	0	0	0	0	1	1	1	6	0	5	1	0	0	0	0	0	0	0	0	0	0	0	0	0	0
Zotu843	0	0	0	0	0	3	0	0	0	0	0	0	0	0	0	0	0	0	0	0	0	0	0	0	0	0	0	0	0	0	0	0	0	0	0	0	0	0	0	0	0	0	0	0	0
Zotu671	0	0	0	0	0	5	0	0	4	0	0	0	0	0	0	0	1	0	0	0	0	4	0	0	2	0	20	0	0	5	0	0	0	0	0	0	0	0	0	0	0	0	0	0	0
Zotu801	0	0	0	0	0	1	1	3	0	21	0	0	5	0	0	3	9	3	0	0	9	1	0	3	0	0	1	0	0	0	0	0	0	0	0	0	0	0	0	0	0	0	0	0	0
Zotu54	0	0	0	0	0	1	0	0	0	0	0	0	0	0	0	0	0	0	0	0	0	0	0	0	0	0	0	0	0	0	0	0	0	0	0	0	0	0	0	0	0	0	0	0	0
Zotu426	0	0	0	0	0	0	83	0	0	0	0	0	0	0	0	0	0	0	0	0	0	0	2	0	0	0	0	0	0	0	0	0	0	0	0	0	0	0	0	0	0	0	0	0	0
Zotu999	0	0	0	0	0	0	28	0	1	0	0	0	0	0	0	4	0	0	0	0	0	0	0	0	0	0	0	0	0	0	1	0	0	0	0	0	0	0	0	0	0	0	0	0	0
Zotu812	0	0	0	0	0	0	21	0	0	0	0	0	0	0	0	0	0	0	0	0	0	0	0	0	0	0	0	0	0	0	0	0	0	0	0	0	0	0	0	0	0	0	0	0	0
Zotu1181	0	0	0	0	0	0	4	8	0	0	0	0	0	0	2	0	0	4	16	0	0	0	0	0	6	0	0	0	0	0	0	0	0	0	0	0	0	0	0	0	0	0	0	0	0
Zotu868	0	0	0	0	0	0	2	2	0	0	0	0	1	1	0	13	1	0	0	0	0	1	0	0	0	0	0	9	0	0	0	0	0	0	0	0	0	0	0	0	0	0	0	0	0
Zotu428	0	0	0	0	0	0	3	0	0	0	1	1	0	0	0	0	1	0	0	0	0	0	0	0	0	0	1	0	0	0	0	0	0	0	0	0	0	0	0	0	0	0	0	0	0
Zotu418	0	0	0	0	0	0	1	23	0	0	0	0	0	2	0	0	0	0	0	0	0	0	0	0	7	0	0	0	0	0	6	0	0	0	0	0	0	0	0	0	0	0	0	0	0
Zotu190	0	0	0	0	0	0	1	3	2	1	1	0	1	1	1	1	0	3	0	0	0	1	0	0	0	0	2	1	1	3	0	0	0	0	0	0	0	0	0	0	0	0	0	0	0
Zotu195	0	0	0	0	0	0	1	0	0	0	0	0	0	0	0	0	0	0	0	0	0	0	0	0	0	0	0	0	0	0	0	0	0	0	0	0	0	0	0	0	0	0	0	0	0
Zotu105	0	0	0	0	0	0	0	1	0	0	0	0	1	0	0	1	0	0	0	1	0	0	2	0	0	0	0	0	2	0	1	0	0	0	0	0	0	0	0	0	0	0	0	0	0
Zotu1119	0	0	0	0	0	0	0	10	0	0	0	0	0	0	0	0	0	0	0	0	0	0	0	0	0	0	0	0	0	0	0	0	0	0	0	0	0	0	0	0	0	0	0	0	0
Zotu804	0	0	0	0	0	0	0	19	0	0	0	0	0	0	3	0	5	0	0	0	0	0	0	0	0	0	0	0	0	0	0	0	0	0	0	0	0	0	0	0	0	0	0	0	0
Zotu579	0	0	0	0	0	0	0	3	0	0	0	0	0	0	0	0	0	0	31	0	0	0	0	0	15	0	0	0	0	0	0	0	0	0	0	0	0	0	0	0	0	0	0	0	0
Zotu262	0	0	0	0	0	0	0	1	0	0	0	0	0	0	0	0	0	0	250	0	0	0	0	0	0	0	0	0	0	0	0	0	0	0	0	0	0	0	0	0	0	0	0	0	0
Zotu660	0	0	0	0	0	0	0	2	4	0	0	0	1	0	0	8	0	0	0	0	0	0	15	0	0	0	0	15	0	0	1	0	0	0	0	0	0	0	0	0	0	0	0	0	0
Zotu333	0	0	0	0	0	0	0	1	0	0	0	0	0	0	0	0	0	0	0	0	0	0	0	0	0	0	0	0	0	0	0	0	0	0	0	0	0	0	0	0	0	0	0	0	0
Zotu440	0	0	0	0	0	0	0	1	0	0	0	0	0	26	0	0	0	0	0	0	0	0	0	0	0	0	0	0	0	0	0	0	0	0	0	0	0	0	0	0	0	0	0	0	0
Zotu753	0	0	0	0	0	0	0	3	0	0	0	0	0	0	0	0	0	0	0	0	0	0	0	0	0	0	0	0	0	0	0	0	0	0	0	0	0	0	0	0	0	0	0	0	0
Zotu941	0	0	0	0	0	0	0	2	0	0	0	0	0	0	0	0	0	0	0	0	6	0	0	0	0	0	0	0	3	1	1	0	0	0	0	0	0	0	0	0	0	0	0	0	0
Zotu970	0	0	0	0	0	0	0	1	0	0	0	0	0	0	0	0	0	3	14	0	0	0	0	0	5	0	0	0	0	0	0	0	0	0	0	0	0	0	0	0	0	0	0	0	0
Zotu820	0	0	0	0	0	0	0	0	16	0	0	0	10	0	0	8	0	0	0	0	0	0	0	0	0	6	0	0	0	0	0	0	0	0	0	0	0	0	0	0	0	0	0	0	0
Zotu527	0	0	0	0	0	0	0	0	35	0	0	0	4	14	0	4	0	4	0	0	0	0	0	0	0	0	34	0	0	1	0	0	0	0	0	0	0	0	0	0	0	0	0	0	0
Zotu850	0	0	0	0	0	0	0	0	5	0	0	0	0	0	0	0	0	0	0	0	0	0	10	0	0	0	0	0	0	0	5	0	0	0	0	0	0	0	0	0	0	0	0	0	0
Zotu952	0	0	0	0	0	0	0	0	8	0	0	0	0	0	0	0	0	0	0	0	0	0	0	0	0	0	0	21	0	0	0	0	0	0	0	0	0	0	0	0	0	0	0	0	0
Zotu919	0	0	0	0	0	0	0	0	3	0	0	0	0	2	1	1	0	1	0	2	0	0	0	4	0	0	0	0	0	6	6	0	0	0	0	0	0	0	0	0	0	0	0	0	0
Zotu799	0	0	0	0	0	0	0	0	5	16	0	0	0	0	0	0	0	0	0	0	0	0	0	0	0	0	0	0	0	0	0	0	0	0	0	0	0	0	0	0	0	0	0	0	0
Zotu225	0	0	0	0	0	0	0	0	4	0	0	0	0	0	0	2	0	20	0	7	0	0	0	1	0	0	0	0	0	0	3	0	0	0	0	0	0	0	0	0	0	53	0	0	0
Zotu509	0	0	0	0	0	0	0	0	1	2	0	0	0	0	0	0	0	0	0	0	0	0	0	0	0	0	0	0	0	18	0	0	0	0	0	0	0	0	0	0	0	0	0	0	0
Zotu1170	0	0	0	0	0	0	0	0	2	0	0	0	12	0	0	0	0	0	0	0	0	0	0	0	0	0	0	0	0	0	0	0	0	0	0	0	0	0	0	0	0	0	0	0	0
Zotu245	0	0	0	0	0	0	0	0	0	32	0	0	0	0	0	0	0	0	0	0	0	0	0	0	0	0	0	0	0	0	0	0	0	0	0	0	0	0	0	0	0	0	0	0	0
Zotu427	0	0	0	0	0	0	0	0	0	271	0	0	0	0	0	0	0	0	0	0	0	0	0	0	0	0	0	0	0	1	0	0	0	0	0	0	0	0	0	0	0	0	0	0	0
Zotu917	0	0	0	0	0	0	0	0	0	28	0	0	0	0	0	0	0	0	0	0	0	0	0	0	0	0	0	0	0	0	0	0	0	0	0	0	0	0	0	0	0	0	0	0	0
Zotu1174	0	0	0	0	0	0	0	0	0	23	0	0	0	0	0	0	0	0	0	0	0	0	0	0	0	0	0	0	0	0	0	0	0	0	0	0	0	0	0	0	0	0	0	0	0
Zotu223	0	0	0	0	0	0	0	0	0	1	0	0	0	0	0	0	0	0	0	0	0	0	0	0	0	0	0	0	0	0	0	0	0	0	0	0	0	0	0	0	0	0	0	0	0
Zotu924	0	0	0	0	0	0	0	0	0	20	0	0	0	0	0	0	0	0	0	0	0	0	0	0	0	0	0	0	0	0	2	0	0	0	0	0	0	0	0	0	0	0	0	0	0
Zotu1072	0	0	0	0	0	0	0	0	0	9	0	0	0	0	0	0	0	0	0	0	0	0	0	0	0	0	0	0	0	0	0	0	0	0	0	0	0	0	0	0	0	0	0	0	0
Zotu877	0	0	0	0	0	0	0	0	0	1	0	0	0	0	0	0	0	0	0	0	0	0	0	0	0	0	0	0	0	0	0	0	0	0	0	0	0	0	0	0	0	0	0	0	0
Zotu455	0	0	0	0	0	0	0	0	0	0	17	0	0	0	0	0	0	0	0	0	0	0	0	0	0	0	0	0	0	0	0	0	0	0	0	0	0	0	0	0	0	0	0	0	0
Zotu456	0	0	0	0	0	0	0	0	0	0	1	0	0	0	0	0	0	0	3	1	1	0	1	0	1	1	0	4	0	1	0	0	0	0	0	0	0	0	0	0	0	0	0	0	0
Zotu446	0	0	0	0	0	0	0	0	0	0	0	49	0	0	0	0	0	0	0	0	0	0	0	94	0	0	0	0	0	0	0	0	0	0	0	0	0	0	0	0	0	0	0	0	0
Zotu696	0	0	0	0	0	0	0	0	0	0	0	0	3	0	0	0	0	0	0	0	0	0	0	0	0	0	0	0	0	0	0	0	0	0	0	0	0	0	0	0	0	0	0	0	0
Zotu1033	0	0	0	0	0	0	0	0	0	0	0	0	25	0	0	0	0	0	0	0	0	0	0	0	0	0	0	0	0	0	0	0	0	0	0	0	0	0	0	0	0	0	0	0	0
Zotu652	0	0	0	0	0	0	0	0	0	0	0	0	25	0	0	0	0	7	0	0	0	3	0	0	0	0	0	0	0	0	2	0	0	0	0	0	0	0	0	0	0	0	0	0	0
Zotu290	0	0	0	0	0	0	0	0	0	0	0	0	5	0	0	0	0	0	0	13	0	0	0	0	0	0	0	0	0	3	0	0	0	0	0	0	0	0	0	0	0	0	0	0	10
Zotu766	0	0	0	0	0	0	0	0	0	0	0	0	0	29	0	0	0	0	0	0	0	0	0	0	0	0	0	0	0	0	0	0	0	0	0	0	0	0	0	0	0	0	0	0	0
Zotu908	0	0	0	0	0	0	0	0	0	0	0	0	0	5	0	0	0	0	0	0	0	0	0	0	0	0	0	0	0	0	0	0	0	0	0	0	0	0	0	0	0	0	0	0	0
Zotu857	0	0	0	0	0	0	0	0	0	0	0	0	0	6	0	0	0	0	0	0	0	0	0	0	0	0	0	0	0	0	13	0	0	0	0	0	0	0	0	0	0	0	0	0	0
Zotu1187	0	0	0	0	0	0	0	0	0	0	0	0	0	1	0	0	12	0	0	0	0	0	0	0	0	0	1	0	0	1	0	0	0	0	0	0	0	0	0	0	0	0	0	0	0
Zotu631	0	0	0	0	0	0	0	0	0	0	0	0	0	2	0	0	0	0	0	0	0	0	0	0	0	0	0	0	0	0	0	0	0	0	0	0	0	0	0	0	0	0	0	0	0
Zotu196	0	0	0	0	0	0	0	0	0	0	0	0	0	1	4	0	0	1	0	28	0	0	0	27	0	0	0	0	0	0	0	0	0	0	0	0	0	0	0	0	0	0	0	0	0
Zotu628	0	0	0	0	0	0	0	0	0	0	0	0	0	0	11	0	0	0	0	0	0	0	26	0	0	0	0	0	0	0	0	0	0	0	0	0	0	0	0	0	0	0	0	0	0
Zotu1059	0	0	0	0	0	0	0	0	0	0	0	0	0	0	1	0	0	0	0	0	0	0	0	15	0	0	0	0	0	0	0	0	0	0	0	0	0	0	0	0	0	0	0	0	0
Zotu1105	0	0	0	0	0	0	0	0	0	0	0	0	0	0	3	0	0	0	0	2	0	0	0	0	2	0	0	0	5	0	0	0	0	0	0	0	0	0	0	0	0	0	0	0	0
Zotu353	0	0	0	0	0	0	0	0	0	0	0	0	0	0	0	2	0	0	0	0	0	0	0	0	0	0	0	0	0	0	0	0	0	0	0	0	0	0	0	0	0	0	0	0	0
Zotu1195	0	0	0	0	0	0	0	0	0	0	0	0	0	0	0	1	0	0	0	0	0	0	0	0	0	0	0	0	0	0	0	0	0	0	0	0	0	0	0	0	0	0	0	0	0
Zotu810	0	0	0	0	0	0	0	0	0	0	0	0	0	0	0	1	0	0	0	0	0	0	0	0	2	11	0	0	1	0	0	0	0	0	0	0	0	0	0	0	0	0	0	0	0
Zotu915	0	0	0	0	0	0	0	0	0	0	0	0	0	0	0	1	0	0	0	0	0	0	0	0	0	0	0	0	0	0	0	0	0	0	0	0	0	0	0	0	0	0	0	0	0
Zotu870	0	0	0	0	0	0	0	0	0	0	0	0	0	0	0	1	0	0	0	0	0	0	0	0	0	0	0	0	1	0	0	0	0	0	0	0	0	0	0	0	0	0	0	0	0
Zotu89	0	0	0	0	0	0	0	0	0	0	0	0	0	0	0	1	0	0	0	0	0	0	0	0	0	0	0	0	0	0	0	0	0	0	0	0	0	0	0	0	0	0	0	0	0
Zotu99	0	0	0	0	0	0	0	0	0	0	0	0	0	0	0	0	6	0	0	0	0	0	0	0	0	0	0	0	0	0	0	0	0	0	0	1	2	0	1	1	1	0	1774	1	0
Zotu1191	0	0	0	0	0	0	0	0	0	0	0	0	0	0	0	0	1	0	0	0	0	0	0	8	0	0	0	0	2	0	0	0	0	0	0	0	0	0	0	0	0	0	0	0	0
Zotu1028	0	0	0	0	0	0	0	0	0	0	0	0	0	0	0	0	0	22	0	0	0	0	0	0	1	0	0	0	0	0	0	0	0	0	0	0	0	0	0	0	0	0	0	0	0
Zotu425	0	0	0	0	0	0	0	0	0	0	0	0	0	0	0	0	0	10	0	0	0	0	0	0	0	1	0	88	0	0	0	0	0	0	0	0	0	0	0	0	0	0	0	0	0
Zotu1192	0	0	0	0	0	0	0	0	0	0	0	0	0	0	0	0	0	12	0	0	0	0	0	0	0	0	0	0	0	0	0	0	0	0	0	0	0	0	0	0	0	0	0	0	0
Zotu236	0	0	0	0	0	0	0	0	0	0	0	0	0	0	0	0	0	0	179	0	0	0	0	0	44	0	0	0	0	0	0	0	0	0	0	0	0	0	0	0	0	0	0	0	0
Zotu918	0	0	0	0	0	0	0	0	0	0	0	0	0	0	0	0	0	0	20	0	0	0	0	0	0	0	0	0	0	0	0	0	0	0	0	0	0	0	0	0	0	0	0	0	0
Zotu927	0	0	0	0	0	0	0	0	0	0	0	0	0	0	0	0	0	0	7	0	0	0	0	0	0	0	0	0	0	0	0	0	0	0	0	0	0	0	0	0	0	0	0	0	0
Zotu837	0	0	0	0	0	0	0	0	0	0	0	0	0	0	0	0	0	0	0	31	0	0	0	0	0	0	0	0	0	0	0	0	0	0	0	0	0	0	0	0	0	0	0	0	0
Zotu391	0	0	0	0	0	0	0	0	0	0	0	0	0	0	0	0	0	0	0	108	0	0	0	0	0	0	0	0	0	0	0	0	0	0	0	0	0	0	0	0	0	0	0	0	0
Zotu1107	0	0	0	0	0	0	0	0	0	0	0	0	0	0	0	0	0	0	0	13	0	0	0	0	0	16	0	0	0	0	0	0	0	0	0	0	0	0	0	0	0	0	0	0	0
Zotu220	0	0	0	0	0	0	0	0	0	0	0	0	0	0	0	0	0	0	0	3	0	0	0	14	0	0	0	0	0	0	0	0	0	0	0	0	0	0	0	0	0	0	0	0	0
Zotu28	0	0	0	0	0	0	0	0	0	0	0	0	0	0	0	0	0	0	0	1	0	0	0	0	0	0	0	0	0	0	0	0	0	0	0	0	0	0	0	0	0	0	0	0	0
Zotu688	0	0	0	0	0	0	0	0	0	0	0	0	0	0	0	0	0	0	0	0	70	0	0	0	0	0	0	0	0	0	0	0	0	0	0	0	0	0	0	0	0	0	0	0	0
Zotu287	0	0	0	0	0	0	0	0	0	0	0	0	0	0	0	0	0	0	0	0	168	0	0	0	0	0	0	0	0	0	1	0	0	0	0	0	0	0	0	0	0	0	0	0	0
Zotu1031	0	0	0	0	0	0	0	0	0	0	0	0	0	0	0	0	0	0	0	0	23	0	0	0	0	0	0	0	0	0	0	0	0	0	0	0	0	0	0	0	0	0	0	0	0
Zotu408	0	0	0	0	0	0	0	0	0	0	0	0	0	0	0	0	0	0	0	0	1	2	0	1	0	0	0	0	0	0	0	0	0	0	0	0	0	0	1	0	0	31	3	0	0
Zotu971	0	0	0	0	0	0	0	0	0	0	0	0	0	0	0	0	0	0	0	0	2	0	0	8	0	0	0	0	0	0	0	0	0	0	0	0	0	0	0	0	0	0	0	0	0
Zotu746	0	0	0	0	0	0	0	0	0	0	0	0	0	0	0	0	0	0	0	0	0	28	0	0	0	0	0	0	0	0	0	0	0	0	0	0	0	0	0	0	0	0	0	0	0
Zotu792	0	0	0	0	0	0	0	0	0	0	0	0	0	0	0	0	0	0	0	0	0	25	0	2	0	0	0	0	0	0	0	0	0	0	0	0	0	0	0	0	0	0	0	0	0
Zotu1108	0	0	0	0	0	0	0	0	0	0	0	0	0	0	0	0	0	0	0	0	0	12	0	0	0	0	0	0	0	0	0	0	0	0	0	0	0	0	0	0	0	0	0	0	0
Zotu359	0	0	0	0	0	0	0	0	0	0	0	0	0	0	0	0	0	0	0	0	0	0	221	0	0	0	0	0	0	0	0	0	0	0	0	0	0	0	0	0	0	0	0	0	0
Zotu998	0	0	0	0	0	0	0	0	0	0	0	0	0	0	0	0	0	0	0	0	0	0	25	0	0	0	0	0	0	0	0	0	0	0	0	0	0	0	0	0	0	0	0	0	0
Zotu568	0	0	0	0	0	0	0	0	0	0	0	0	0	0	0	0	0	0	0	0	0	0	22	0	0	0	0	0	0	0	0	0	0	0	0	0	0	0	0	0	0	0	0	0	0
Zotu885	0	0	0	0	0	0	0	0	0	0	0	0	0	0	0	0	0	0	0	0	0	0	23	0	0	0	0	0	0	0	0	0	0	0	0	0	0	0	0	0	0	0	0	0	0
Zotu1188	0	0	0	0	0	0	0	0	0	0	0	0	0	0	0	0	0	0	0	0	0	0	10	0	0	0	0	0	0	0	1	0	0	0	0	0	0	0	0	0	0	0	0	0	0
Zotu14	0	0	0	0	0	0	0	0	0	0	0	0	0	0	0	0	0	0	0	0	0	0	0	34	0	0	0	0	0	0	0	0	0	0	0	21867	14376	28623	11035	16127	19550	4069	2293	16244	120048
Zotu1126	0	0	0	0	0	0	0	0	0	0	0	0	0	0	0	0	0	0	0	0	0	0	0	11	0	0	0	0	0	0	0	0	0	0	0	0	0	0	0	0	0	0	0	0	0
Zotu69	0	0	0	0	0	0	0	0	0	0	0	0	0	0	0	0	0	0	0	0	0	0	0	1	0	0	0	0	0	0	0	0	0	0	0	0	0	15	0	0	0	0	0	0	0
Zotu389	0	0	0	0	0	0	0	0	0	0	0	0	0	0	0	0	0	0	0	0	0	0	0	2	0	0	0	0	0	0	3	0	0	0	0	0	0	0	0	0	0	0	0	0	0
Zotu705	0	0	0	0	0	0	0	0	0	0	0	0	0	0	0	0	0	0	0	0	0	0	0	0	0	31	0	0	0	0	0	0	0	0	0	0	0	0	0	0	0	0	0	0	0
Zotu953	0	0	0	0	0	0	0	0	0	0	0	0	0	0	0	0	0	0	0	0	0	0	0	0	0	21	0	0	0	0	0	0	0	0	0	0	0	0	0	0	0	0	0	0	0
Zotu892	0	0	0	0	0	0	0	0	0	0	0	0	0	0	0	0	0	0	0	0	0	0	0	0	0	1	0	0	0	0	0	0	0	0	0	0	0	0	0	0	0	0	0	0	0
Zotu1189	0	0	0	0	0	0	0	0	0	0	0	0	0	0	0	0	0	0	0	0	0	0	0	0	0	11	0	0	0	0	0	0	0	0	0	0	0	0	0	0	0	0	0	0	0
Zotu265	0	0	0	0	0	0	0	0	0	0	0	0	0	0	0	0	0	0	0	0	0	0	0	0	0	2	0	0	0	0	0	0	0	0	0	0	0	0	0	0	0	0	0	0	0
Zotu763	0	0	0	0	0	0	0	0	0	0	0	0	0	0	0	0	0	0	0	0	0	0	0	0	0	2	0	0	0	0	0	0	0	0	0	0	0	0	0	0	0	0	0	0	7
Zotu647	0	0	0	0	0	0	0	0	0	0	0	0	0	0	0	0	0	0	0	0	0	0	0	0	0	0	0	47	0	0	0	0	0	0	0	0	0	0	0	0	0	0	0	0	0
Zotu642	0	0	0	0	0	0	0	0	0	0	0	0	0	0	0	0	0	0	0	0	0	0	0	0	0	0	0	47	0	0	0	0	0	0	0	0	0	0	0	0	0	0	0	0	0
Zotu1024	0	0	0	0	0	0	0	0	0	0	0	0	0	0	0	0	0	0	0	0	0	0	0	0	0	0	0	0	10	0	0	0	0	0	0	0	0	0	0	0	0	0	0	0	0
Zotu371	0	0	0	0	0	0	0	0	0	0	0	0	0	0	0	0	0	0	0	0	0	0	0	0	0	0	0	0	4	0	0	0	0	0	0	0	0	0	0	0	0	0	0	0	0
Zotu767	0	0	0	0	0	0	0	0	0	0	0	0	0	0	0	0	0	0	0	0	0	0	0	0	0	0	0	0	25	0	0	0	0	0	0	0	0	0	0	0	0	0	0	0	0
Zotu285	0	0	0	0	0	0	0	0	0	0	0	0	0	0	0	0	0	0	0	0	0	0	0	0	0	0	0	0	1	0	0	0	0	0	0	0	0	0	0	0	0	0	0	0	0
Zotu1038	0	0	0	0	0	0	0	0	0	0	0	0	0	0	0	0	0	0	0	0	0	0	0	0	0	0	0	0	0	0	1	0	0	0	0	0	0	0	0	0	0	0	0	0	0
Zotu5	0	0	0	0	0	0	0	0	0	0	0	0	0	0	0	0	0	0	0	0	0	0	0	0	0	0	0	0	0	0	0	269664	251340	222129	208213	0	0	0	0	0	0	0	0	0	0
Zotu4	0	0	0	0	0	0	0	0	0	0	0	0	0	0	0	0	0	0	0	0	0	0	0	0	0	0	0	0	0	0	0	17	3	5	15	0	0	0	0	0	0	0	0	0	0
Zotu6	0	0	0	0	0	0	0	0	0	0	0	0	0	0	0	0	0	0	0	0	0	0	0	0	0	0	0	0	0	0	0	3	1	1	3	0	0	0	0	0	0	0	0	0	0
Zotu1125	0	0	0	0	0	0	0	0	0	0	0	0	0	0	0	0	0	0	0	0	0	0	0	0	0	0	0	0	0	0	0	5	2	4	1	0	0	0	0	0	0	0	0	0	0
Zotu7	0	0	0	0	0	0	0	0	0	0	0	0	0	0	0	0	0	0	0	0	0	0	0	0	0	0	0	0	0	0	0	0	0	0	0	102127	122791	97087	98201	108320	110318	110097	113110	89554	12971
Zotu311	0	0	0	0	0	0	0	0	0	0	0	0	0	0	0	0	0	0	0	0	0	0	0	0	0	0	0	0	0	0	0	0	0	0	0	311	127	111	12	56	54	25	22	21	214
Zotu78	0	0	0	0	0	0	0	0	0	0	0	0	0	0	0	0	0	0	0	0	0	0	0	0	0	0	0	0	0	0	0	0	0	0	0	773	332	493	102	129	211	40	177	54	277
Zotu63	0	0	0	0	0	0	0	0	0	0	0	0	0	0	0	0	0	0	0	0	0	0	0	0	0	0	0	0	0	0	0	0	0	0	0	1012	98	175	0	0	0	0	0	0	0
Zotu218	0	0	0	0	0	0	0	0	0	0	0	0	0	0	0	0	0	0	0	0	0	0	0	0	0	0	0	0	0	0	0	0	0	0	0	157	0	183	44	27	0	34	0	0	9
Zotu64	0	0	0	0	0	0	0	0	0	0	0	0	0	0	0	0	0	0	0	0	0	0	0	0	0	0	0	0	0	0	0	0	0	0	0	994	799	836	113	327	717	132	204	108	388
Zotu183	0	0	0	0	0	0	0	0	0	0	0	0	0	0	0	0	0	0	0	0	0	0	0	0	0	0	0	0	0	0	0	0	0	0	0	251	234	123	2	20	0	1	26	30	62
Zotu161	0	0	0	0	0	0	0	0	0	0	0	0	0	0	0	0	0	0	0	0	0	0	0	0	0	0	0	0	0	0	0	0	0	0	0	568	0	0	0	0	0	0	0	0	0
Zotu583	0	0	0	0	0	0	0	0	0	0	0	0	0	0	0	0	0	0	0	0	0	0	0	0	0	0	0	0	0	0	0	0	0	0	0	143	128	117	66	122	87	87	88	54	5
Zotu334	0	0	0	0	0	0	0	0	0	0	0	0	0	0	0	0	0	0	0	0	0	0	0	0	0	0	0	0	0	0	0	0	0	0	0	89	23	30	5	30	55	0	6	0	5
Zotu1030	0	0	0	0	0	0	0	0	0	0	0	0	0	0	0	0	0	0	0	0	0	0	0	0	0	0	0	0	0	0	0	0	0	0	0	2	10	4	2	5	8	0	1	0	0
Zotu1122	0	0	0	0	0	0	0	0	0	0	0	0	0	0	0	0	0	0	0	0	0	0	0	0	0	0	0	0	0	0	0	0	0	0	0	64	89	44	59	68	65	67	78	80	11
Zotu42	0	0	0	0	0	0	0	0	0	0	0	0	0	0	0	0	0	0	0	0	0	0	0	0	0	0	0	0	0	0	0	0	0	0	0	740	0	0	0	0	0	0	0	0	0
Zotu676	0	0	0	0	0	0	0	0	0	0	0	0	0	0	0	0	0	0	0	0	0	0	0	0	0	0	0	0	0	0	0	0	0	0	0	69	45	56	4	19	23	2	8	1	17
Zotu296	0	0	0	0	0	0	0	0	0	0	0	0	0	0	0	0	0	0	0	0	0	0	0	0	0	0	0	0	0	0	0	0	0	0	0	118	84	46	0	19	2	2	0	0	0
Zotu962	0	0	0	0	0	0	0	0	0	0	0	0	0	0	0	0	0	0	0	0	0	0	0	0	0	0	0	0	0	0	0	0	0	0	0	7	3	4	0	0	8	0	0	1	2
Zotu465	0	0	0	0	0	0	0	0	0	0	0	0	0	0	0	0	0	0	0	0	0	0	0	0	0	0	0	0	0	0	0	0	0	0	0	38	9	9	2	2	8	0	3	0	8
Zotu1025	0	0	0	0	0	0	0	0	0	0	0	0	0	0	0	0	0	0	0	0	0	0	0	0	0	0	0	0	0	0	0	0	0	0	0	11	14	15	1	6	8	0	3	1	1
Zotu818	0	0	0	0	0	0	0	0	0	0	0	0	0	0	0	0	0	0	0	0	0	0	0	0	0	0	0	0	0	0	0	0	0	0	0	9	9	25	1	14	38	0	2	67	3
Zotu186	0	0	0	0	0	0	0	0	0	0	0	0	0	0	0	0	0	0	0	0	0	0	0	0	0	0	0	0	0	0	0	0	0	0	0	216	121	142	19	61	87	12	17	42	57
Zotu420	0	0	0	0	0	0	0	0	0	0	0	0	0	0	0	0	0	0	0	0	0	0	0	0	0	0	0	0	0	0	0	0	0	0	0	40	22	20	3	7	12	0	4	42	8
Zotu216	0	0	0	0	0	0	0	0	0	0	0	0	0	0	0	0	0	0	0	0	0	0	0	0	0	0	0	0	0	0	0	0	0	0	0	58	95	113	25	32	89	8	5	1	73
Zotu358	0	0	0	0	0	0	0	0	0	0	0	0	0	0	0	0	0	0	0	0	0	0	0	0	0	0	0	0	0	0	0	0	0	0	0	47	37	15	9	5	0	0	10	0	0
Zotu659	0	0	0	0	0	0	0	0	0	0	0	0	0	0	0	0	0	0	0	0	0	0	0	0	0	0	0	0	0	0	0	0	0	0	0	77	25	42	5	15	15	3	15	8	16
Zotu1120	0	0	0	0	0	0	0	0	0	0	0	0	0	0	0	0	0	0	0	0	0	0	0	0	0	0	0	0	0	0	0	0	0	0	0	27	8	6	2	2	12	1	4	8	2
Zotu1002	0	0	0	0	0	0	0	0	0	0	0	0	0	0	0	0	0	0	0	0	0	0	0	0	0	0	0	0	0	0	0	0	0	0	0	25	0	0	10	2	7	0	0	0	0
Zotu450	0	0	0	0	0	0	0	0	0	0	0	0	0	0	0	0	0	0	0	0	0	0	0	0	0	0	0	0	0	0	0	0	0	0	0	11	1	53	0	1	8	0	1	0	0
Zotu323	0	0	0	0	0	0	0	0	0	0	0	0	0	0	0	0	0	0	0	0	0	0	0	0	0	0	0	0	0	0	0	0	0	0	0	70	53	62	15	34	35	6	9	0	6
Zotu227	0	0	0	0	0	0	0	0	0	0	0	0	0	0	0	0	0	0	0	0	0	0	0	0	0	0	0	0	0	0	0	0	0	0	0	134	75	419	16	68	88	1	24	10	41
Zotu586	0	0	0	0	0	0	0	0	0	0	0	0	0	0	0	0	0	0	0	0	0	0	0	0	0	0	0	0	0	0	0	0	0	0	0	22	0	28	0	0	0	0	0	0	0
Zotu259	0	0	0	0	0	0	0	0	0	0	0	0	0	0	0	0	0	0	0	0	0	0	0	0	0	0	0	0	0	0	0	0	0	0	0	53	92	82	19	46	53	3	10	3	12
Zotu881	0	0	0	0	0	0	0	0	0	0	0	0	0	0	0	0	0	0	0	0	0	0	0	0	0	0	0	0	0	0	0	0	0	0	0	13	2	3	0	1	1	0	1	6	0
Zotu295	0	0	0	0	0	0	0	0	0	0	0	0	0	0	0	0	0	0	0	0	0	0	0	0	0	0	0	0	0	0	0	0	0	0	0	67	15	20	12	3	8	4	7	22	33
Zotu1060	0	0	0	0	0	0	0	0	0	0	0	0	0	0	0	0	0	0	0	0	0	0	0	0	0	0	0	0	0	0	0	0	0	0	0	6	14	3	0	0	0	0	0	0	1
Zotu706	0	0	0	0	0	0	0	0	0	0	0	0	0	0	0	0	0	0	0	0	0	0	0	0	0	0	0	0	0	0	0	0	0	0	0	82	1	0	2	0	0	0	3	0	0
Zotu421	0	0	0	0	0	0	0	0	0	0	0	0	0	0	0	0	0	0	0	0	0	0	0	0	0	0	0	0	0	0	0	0	0	0	0	87	2	14	0	0	9	0	0	0	0
Zotu798	0	0	0	0	0	0	0	0	0	0	0	0	0	0	0	0	0	0	0	0	0	0	0	0	0	0	0	0	0	0	0	0	0	0	0	5	8	12	2	4	8	0	0	0	0
Zotu521	0	0	0	0	0	0	0	0	0	0	0	0	0	0	0	0	0	0	0	0	0	0	0	0	0	0	0	0	0	0	0	0	0	0	0	28	20	18	2	4	25	0	0	0	3
Zotu293	0	0	0	0	0	0	0	0	0	0	0	0	0	0	0	0	0	0	0	0	0	0	0	0	0	0	0	0	0	0	0	0	0	0	0	22	32	9	4	16	56	0	0	0	7
Zotu269	0	0	0	0	0	0	0	0	0	0	0	0	0	0	0	0	0	0	0	0	0	0	0	0	0	0	0	0	0	0	0	0	0	0	0	42	32	45	14	10	17	2	14	4	13
Zotu625	0	0	0	0	0	0	0	0	0	0	0	0	0	0	0	0	0	0	0	0	0	0	0	0	0	0	0	0	0	0	0	0	0	0	0	19	2	18	0	0	7	0	3	4	0
Zotu584	0	0	0	0	0	0	0	0	0	0	0	0	0	0	0	0	0	0	0	0	0	0	0	0	0	0	0	0	0	0	0	0	0	0	0	26	14	0	0	1	0	0	0	0	2
Zotu865	0	0	0	0	0	0	0	0	0	0	0	0	0	0	0	0	0	0	0	0	0	0	0	0	0	0	0	0	0	0	0	0	0	0	0	7	2	1	0	2	8	0	0	0	0
Zotu1050	0	0	0	0	0	0	0	0	0	0	0	0	0	0	0	0	0	0	0	0	0	0	0	0	0	0	0	0	0	0	0	0	0	0	0	10	7	13	2	2	3	0	5	3	10
Zotu747	0	0	0	0	0	0	0	0	0	0	0	0	0	0	0	0	0	0	0	0	0	0	0	0	0	0	0	0	0	0	0	0	0	0	0	15	4	3	3	2	3	0	3	1	0
Zotu721	0	0	0	0	0	0	0	0	0	0	0	0	0	0	0	0	0	0	0	0	0	0	0	0	0	0	0	0	0	0	0	0	0	0	0	18	0	23	3	9	0	3	0	0	2
Zotu651	0	0	0	0	0	0	0	0	0	0	0	0	0	0	0	0	0	0	0	0	0	0	0	0	0	0	0	0	0	0	0	0	0	0	0	18	8	8	0	1	4	0	2	6	12
Zotu278	0	0	0	0	0	0	0	0	0	0	0	0	0	0	0	0	0	0	0	0	0	0	0	0	0	0	0	0	0	0	0	0	0	0	0	10	0	77	0	10	62	0	3	0	7
Zotu365	0	0	0	0	0	0	0	0	0	0	0	0	0	0	0	0	0	0	0	0	0	0	0	0	0	0	0	0	0	0	0	0	0	0	0	2	2	2	0	1	4	0	0	0	0
Zotu639	0	0	0	0	0	0	0	0	0	0	0	0	0	0	0	0	0	0	0	0	0	0	0	0	0	0	0	0	0	0	0	0	0	0	0	21	4	17	2	2	14	0	3	0	20
Zotu451	0	0	0	0	0	0	0	0	0	0	0	0	0	0	0	0	0	0	0	0	0	0	0	0	0	0	0	0	0	0	0	0	0	0	0	21	0	0	0	0	0	71	0	0	0
Zotu867	0	0	0	0	0	0	0	0	0	0	0	0	0	0	0	0	0	0	0	0	0	0	0	0	0	0	0	0	0	0	0	0	0	0	0	8	11	2	1	2	0	0	0	0	0
Zotu960	0	0	0	0	0	0	0	0	0	0	0	0	0	0	0	0	0	0	0	0	0	0	0	0	0	0	0	0	0	0	0	0	0	0	0	11	4	5	0	0	4	0	8	0	9
Zotu361	0	0	0	0	0	0	0	0	0	0	0	0	0	0	0	0	0	0	0	0	0	0	0	0	0	0	0	0	0	0	0	0	0	0	0	19	23	25	7	6	9	1	4	1	0
Zotu210	0	0	0	0	0	0	0	0	0	0	0	0	0	0	0	0	0	0	0	0	0	0	0	0	0	0	0	0	0	0	0	0	0	0	0	3	13	12	5	6	5	2	10	2	0
Zotu745	0	0	0	0	0	0	0	0	0	0	0	0	0	0	0	0	0	0	0	0	0	0	0	0	0	0	0	0	0	0	0	0	0	0	0	17	12	5	0	2	0	0	1	0	3
Zotu640	0	0	0	0	0	0	0	0	0	0	0	0	0	0	0	0	0	0	0	0	0	0	0	0	0	0	0	0	0	0	0	0	0	0	0	4	0	5	1	0	0	1	0	0	0
Zotu949	0	0	0	0	0	0	0	0	0	0	0	0	0	0	0	0	0	0	0	0	0	0	0	0	0	0	0	0	0	0	0	0	0	0	0	16	6	5	2	5	7	0	0	2	1
Zotu1193	0	0	0	0	0	0	0	0	0	0	0	0	0	0	0	0	0	0	0	0	0	0	0	0	0	0	0	0	0	0	0	0	0	0	0	4	1	4	0	0	0	0	1	0	0
Zotu624	0	0	0	0	0	0	0	0	0	0	0	0	0	0	0	0	0	0	0	0	0	0	0	0	0	0	0	0	0	0	0	0	0	0	0	3	4	1	5	4	7	0	0	0	1
Zotu690	0	0	0	0	0	0	0	0	0	0	0	0	0	0	0	0	0	0	0	0	0	0	0	0	0	0	0	0	0	0	0	0	0	0	0	17	13	24	3	13	33	1	1	0	1
Zotu916	0	0	0	0	0	0	0	0	0	0	0	0	0	0	0	0	0	0	0	0	0	0	0	0	0	0	0	0	0	0	0	0	0	0	0	1	0	0	0	0	0	0	1	0	1
Zotu445	0	0	0	0	0	0	0	0	0	0	0	0	0	0	0	0	0	0	0	0	0	0	0	0	0	0	0	0	0	0	0	0	0	0	0	21	16	15	2	17	32	1	1	2	1
Zotu87	0	0	0	0	0	0	0	0	0	0	0	0	0	0	0	0	0	0	0	0	0	0	0	0	0	0	0	0	0	0	0	0	0	0	0	2	0	0	0	0	0	0	0	0	0
Zotu1115	0	0	0	0	0	0	0	0	0	0	0	0	0	0	0	0	0	0	0	0	0	0	0	0	0	0	0	0	0	0	0	0	0	0	0	8	2	1	1	0	3	6	0	2	1
Zotu587	0	0	0	0	0	0	0	0	0	0	0	0	0	0	0	0	0	0	0	0	0	0	0	0	0	0	0	0	0	0	0	0	0	0	0	16	2	8	0	0	15	0	9	1	0
Zotu611	0	0	0	0	0	0	0	0	0	0	0	0	0	0	0	0	0	0	0	0	0	0	0	0	0	0	0	0	0	0	0	0	0	0	0	34	3	24	15	0	22	0	0	0	4
Zotu813	0	0	0	0	0	0	0	0	0	0	0	0	0	0	0	0	0	0	0	0	0	0	0	0	0	0	0	0	0	0	0	0	0	0	0	17	0	7	0	0	0	0	0	0	0
Zotu540	0	0	0	0	0	0	0	0	0	0	0	0	0	0	0	0	0	0	0	0	0	0	0	0	0	0	0	0	0	0	0	0	0	0	0	21	35	41	8	20	35	2	2	0	7
Zotu21	0	0	0	0	0	0	0	0	0	0	0	0	0	0	0	0	0	0	0	0	0	0	0	0	0	0	0	0	0	0	0	0	0	0	0	4	0	0	0	0	0	0	0	0	0
Zotu1106	0	0	0	0	0	0	0	0	0	0	0	0	0	0	0	0	0	0	0	0	0	0	0	0	0	0	0	0	0	0	0	0	0	0	0	4	1	2	0	0	1	0	0	0	0
Zotu472	0	0	0	0	0	0	0	0	0	0	0	0	0	0	0	0	0	0	0	0	0	0	0	0	0	0	0	0	0	0	0	0	0	0	0	15	8	13	16	12	57	0	0	6	0
Zotu641	0	0	0	0	0	0	0	0	0	0	0	0	0	0	0	0	0	0	0	0	0	0	0	0	0	0	0	0	0	0	0	0	0	0	0	2	1	0	0	1	0	0	2	0	0
Zotu376	0	0	0	0	0	0	0	0	0	0	0	0	0	0	0	0	0	0	0	0	0	0	0	0	0	0	0	0	0	0	0	0	0	0	0	1	0	0	0	0	0	0	0	0	0
Zotu884	0	0	0	0	0	0	0	0	0	0	0	0	0	0	0	0	0	0	0	0	0	0	0	0	0	0	0	0	0	0	0	0	0	0	0	2	1	3	0	0	4	1	1	13	4
Zotu1124	0	0	0	0	0	0	0	0	0	0	0	0	0	0	0	0	0	0	0	0	0	0	0	0	0	0	0	0	0	0	0	0	0	0	0	7	8	4	2	4	4	3	2	2	0
Zotu744	0	0	0	0	0	0	0	0	0	0	0	0	0	0	0	0	0	0	0	0	0	0	0	0	0	0	0	0	0	0	0	0	0	0	0	13	3	14	3	25	15	0	0	5	8
Zotu498	0	0	0	0	0	0	0	0	0	0	0	0	0	0	0	0	0	0	0	0	0	0	0	0	0	0	0	0	0	0	0	0	0	0	0	5	1	36	37	26	11	0	0	26	46
Zotu49	0	0	0	0	0	0	0	0	0	0	0	0	0	0	0	0	0	0	0	0	0	0	0	0	0	0	0	0	0	0	0	0	0	0	0	3	71	0	1	58	1	1290	4291	53	0
Zotu578	0	0	0	0	0	0	0	0	0	0	0	0	0	0	0	0	0	0	0	0	0	0	0	0	0	0	0	0	0	0	0	0	0	0	0	1	0	0	0	1	0	0	0	0	0
Zotu925	0	0	0	0	0	0	0	0	0	0	0	0	0	0	0	0	0	0	0	0	0	0	0	0	0	0	0	0	0	0	0	0	0	0	0	1	2	0	0	0	0	0	0	0	1
Zotu153	0	0	0	0	0	0	0	0	0	0	0	0	0	0	0	0	0	0	0	0	0	0	0	0	0	0	0	0	0	0	0	0	0	0	0	0	267	0	0	0	0	435	0	0	0
Zotu672	0	0	0	0	0	0	0	0	0	0	0	0	0	0	0	0	0	0	0	0	0	0	0	0	0	0	0	0	0	0	0	0	0	0	0	0	19	1	8	5	0	0	0	0	0
Zotu84	0	0	0	0	0	0	0	0	0	0	0	0	0	0	0	0	0	0	0	0	0	0	0	0	0	0	0	0	0	0	0	0	0	0	0	0	26	0	0	0	0	0	0	0	0
Zotu93	0	0	0	0	0	0	0	0	0	0	0	0	0	0	0	0	0	0	0	0	0	0	0	0	0	0	0	0	0	0	0	0	0	0	0	0	19	4	0	11	57	1	0	0	0
Zotu853	0	0	0	0	0	0	0	0	0	0	0	0	0	0	0	0	0	0	0	0	0	0	0	0	0	0	0	0	0	0	0	0	0	0	0	0	19	0	0	0	0	0	0	0	0
Zotu591	0	0	0	0	0	0	0	0	0	0	0	0	0	0	0	0	0	0	0	0	0	0	0	0	0	0	0	0	0	0	0	0	0	0	0	0	1	0	0	0	1	0	0	0	0
Zotu1182	0	0	0	0	0	0	0	0	0	0	0	0	0	0	0	0	0	0	0	0	0	0	0	0	0	0	0	0	0	0	0	0	0	0	0	0	3	1	0	0	5	14	0	0	0
Zotu364	0	0	0	0	0	0	0	0	0	0	0	0	0	0	0	0	0	0	0	0	0	0	0	0	0	0	0	0	0	0	0	0	0	0	0	0	26	2	0	0	0	0	0	0	0
Zotu817	0	0	0	0	0	0	0	0	0	0	0	0	0	0	0	0	0	0	0	0	0	0	0	0	0	0	0	0	0	0	0	0	0	0	0	0	2	1	0	0	0	0	1	1	0
Zotu645	0	0	0	0	0	0	0	0	0	0	0	0	0	0	0	0	0	0	0	0	0	0	0	0	0	0	0	0	0	0	0	0	0	0	0	0	2	1	0	0	0	0	0	0	0
Zotu847	0	0	0	0	0	0	0	0	0	0	0	0	0	0	0	0	0	0	0	0	0	0	0	0	0	0	0	0	0	0	0	0	0	0	0	0	2	16	28	0	1	0	6	0	0
Zotu1183	0	0	0	0	0	0	0	0	0	0	0	0	0	0	0	0	0	0	0	0	0	0	0	0	0	0	0	0	0	0	0	0	0	0	0	0	1	7	3	3	2	0	8	3	0
Zotu38	0	0	0	0	0	0	0	0	0	0	0	0	0	0	0	0	0	0	0	0	0	0	0	0	0	0	0	0	0	0	0	0	0	0	0	0	1	1	0	1	0	0	0	0	0
Zotu270	0	0	0	0	0	0	0	0	0	0	0	0	0	0	0	0	0	0	0	0	0	0	0	0	0	0	0	0	0	0	0	0	0	0	0	0	0	82	114	3	0	0	0	0	0
Zotu554	0	0	0	0	0	0	0	0	0	0	0	0	0	0	0	0	0	0	0	0	0	0	0	0	0	0	0	0	0	0	0	0	0	0	0	0	0	2	0	0	0	0	0	0	0
Zotu375	0	0	0	0	0	0	0	0	0	0	0	0	0	0	0	0	0	0	0	0	0	0	0	0	0	0	0	0	0	0	0	0	0	0	0	0	0	2	0	0	0	0	0	0	0
Zotu725	0	0	0	0	0	0	0	0	0	0	0	0	0	0	0	0	0	0	0	0	0	0	0	0	0	0	0	0	0	0	0	0	0	0	0	0	0	8	0	0	0	0	0	0	0
Zotu1049	0	0	0	0	0	0	0	0	0	0	0	0	0	0	0	0	0	0	0	0	0	0	0	0	0	0	0	0	0	0	0	0	0	0	0	0	0	4	0	3	0	0	0	24	0
Zotu342	0	0	0	0	0	0	0	0	0	0	0	0	0	0	0	0	0	0	0	0	0	0	0	0	0	0	0	0	0	0	0	0	0	0	0	0	0	3	0	4	0	0	0	0	0
Zotu449	0	0	0	0	0	0	0	0	0	0	0	0	0	0	0	0	0	0	0	0	0	0	0	0	0	0	0	0	0	0	0	0	0	0	0	0	0	6	0	0	0	0	0	0	0
Zotu646	0	0	0	0	0	0	0	0	0	0	0	0	0	0	0	0	0	0	0	0	0	0	0	0	0	0	0	0	0	0	0	0	0	0	0	0	0	1	0	0	0	0	0	0	35
Zotu838	0	0	0	0	0	0	0	0	0	0	0	0	0	0	0	0	0	0	0	0	0	0	0	0	0	0	0	0	0	0	0	0	0	0	0	0	0	5	0	32	0	0	0	0	0
Zotu1142	0	0	0	0	0	0	0	0	0	0	0	0	0	0	0	0	0	0	0	0	0	0	0	0	0	0	0	0	0	0	0	0	0	0	0	0	0	3	0	0	0	0	0	0	0
Zotu159	0	0	0	0	0	0	0	0	0	0	0	0	0	0	0	0	0	0	0	0	0	0	0	0	0	0	0	0	0	0	0	0	0	0	0	0	0	3	0	0	0	22	0	0	527
Zotu1172	0	0	0	0	0	0	0	0	0	0	0	0	0	0	0	0	0	0	0	0	0	0	0	0	0	0	0	0	0	0	0	0	0	0	0	0	0	1	0	0	2	0	0	0	1
Zotu704	0	0	0	0	0	0	0	0	0	0	0	0	0	0	0	0	0	0	0	0	0	0	0	0	0	0	0	0	0	0	0	0	0	0	0	0	0	0	0	1	0	0	0	0	0
Zotu247	0	0	0	0	0	0	0	0	0	0	0	0	0	0	0	0	0	0	0	0	0	0	0	0	0	0	0	0	0	0	0	0	0	0	0	0	0	0	0	0	1	2	0	0	0
Zotu29	0	0	0	0	0	0	0	0	0	0	0	0	0	0	0	0	0	0	0	0	0	0	0	0	0	0	0	0	0	0	0	0	0	0	0	0	0	0	0	0	0	93	0	0	0
Zotu749	0	0	0	0	0	0	0	0	0	0	0	0	0	0	0	0	0	0	0	0	0	0	0	0	0	0	0	0	0	0	0	0	0	0	0	0	0	0	0	0	0	38	0	0	0
Zotu226	0	0	0	0	0	0	0	0	0	0	0	0	0	0	0	0	0	0	0	0	0	0	0	0	0	0	0	0	0	0	0	0	0	0	0	0	0	0	0	0	0	17	0	0	0
Zotu1001	0	0	0	0	0	0	0	0	0	0	0	0	0	0	0	0	0	0	0	0	0	0	0	0	0	0	0	0	0	0	0	0	0	0	0	0	0	0	0	0	0	19	0	0	0
Zotu144	0	0	0	0	0	0	0	0	0	0	0	0	0	0	0	0	0	0	0	0	0	0	0	0	0	0	0	0	0	0	0	0	0	0	0	0	0	0	0	0	0	29	0	0	19
Zotu256	0	0	0	0	0	0	0	0	0	0	0	0	0	0	0	0	0	0	0	0	0	0	0	0	0	0	0	0	0	0	0	0	0	0	0	0	0	0	0	0	0	1	0	0	78
Zotu595	0	0	0	0	0	0	0	0	0	0	0	0	0	0	0	0	0	0	0	0	0	0	0	0	0	0	0	0	0	0	0	0	0	0	0	0	0	0	0	0	0	0	17	0	0
Zotu1199	0	0	0	0	0	0	0	0	0	0	0	0	0	0	0	0	0	0	0	0	0	0	0	0	0	0	0	0	0	0	0	0	0	0	0	0	0	0	0	0	0	0	3	0	0
Zotu410	0	0	0	0	0	0	0	0	0	0	0	0	0	0	0	0	0	0	0	0	0	0	0	0	0	0	0	0	0	0	0	0	0	0	0	0	0	0	0	0	0	0	1	0	0
Zotu606	0	0	0	0	0	0	0	0	0	0	0	0	0	0	0	0	0	0	0	0	0	0	0	0	0	0	0	0	0	0	0	0	0	0	0	0	0	0	0	0	0	0	0	32	57
Zotu67	0	0	0	0	0	0	0	0	0	0	0	0	0	0	0	0	0	0	0	0	0	0	0	0	0	0	0	0	0	0	0	0	0	0	0	0	0	0	0	0	0	0	0	1	0
Zotu757	0	0	0	0	0	0	0	0	0	0	0	0	0	0	0	0	0	0	0	0	0	0	0	0	0	0	0	0	0	0	0	0	0	0	0	0	0	0	0	0	0	0	0	1	0
Zotu48	0	0	0	0	0	0	0	0	0	0	0	0	0	0	0	0	0	0	0	0	0	0	0	0	0	0	0	0	0	0	0	0	0	0	0	0	0	0	0	0	0	0	0	1	294
Zotu458	0	0	0	0	0	0	0	0	0	0	0	0	0	0	0	0	0	0	0	0	0	0	0	0	0	0	0	0	0	0	0	0	0	0	0	0	0	0	0	0	0	0	0	0	38
Zotu1027	0	0	0	0	0	0	0	0	0	0	0	0	0	0	0	0	0	0	0	0	0	0	0	0	0	0	0	0	0	0	0	0	0	0	0	0	0	0	0	0	0	0	0	0	29
Zotu593	0	0	0	0	0	0	0	0	0	0	0	0	0	0	0	0	0	0	0	0	0	0	0	0	0	0	0	0	0	0	0	0	0	0	0	0	0	0	0	0	0	0	0	0	2
Zotu51	0	0	0	0	0	0	0	0	0	0	0	0	0	0	0	0	0	0	0	0	0	0	0	0	0	0	0	0	0	0	0	0	0	0	0	0	0	0	0	0	0	0	0	0	1
Zotu249	0	0	0	0	0	0	0	0	0	0	0	0	0	0	0	0	0	0	0	0	0	0	0	0	0	0	0	0	0	0	0	0	0	0	0	0	0	0	0	0	0	0	0	0	1
