#OTU ID	PAN09	PAN10	PAN11	PAN12	PAN13	PAN14	PAN15	PHH004	PHH005	PHH006	PHH007	PHH008	PHH009	PHH010	PHH016	PHH020	PHH021	PHH022	PHH023	PHH024	PHH025	PHH030	PHH032	PHH034	PHH035	PHH038	PHH039	PHH040	PHH041	PHH042
Zotu9	80250	89680	88278	90435	86303	88593	54735	0	0	0	0	0	0	0	0	0	0	0	0	0	0	0	0	0	0	0	0	0	0	0
Zotu522	21	0	0	0	18	0	0	0	0	0	0	0	0	0	0	0	0	0	0	0	0	0	0	0	0	0	0	0	0	0
Zotu32	24	20	20	48	23	53	21	216	245	33	2669	135	240	78	866	168	101	38	185	243	82	62	160	719	386	542	144	123	173	99
Zotu23	99	104	81	84	113	96	73	0	0	0	0	0	0	0	0	0	0	0	0	0	0	0	0	0	0	0	0	0	0	0
Zotu1141	15	0	0	0	0	0	0	0	0	0	0	0	0	0	0	0	0	0	0	0	0	0	0	0	0	0	0	0	0	0
Zotu2	5	2	2	6	6	15	0	90707	112654	54537	94116	67278	95950	84432	100238	83764	98293	107347	87340	90835	122243	24716	89436	104997	87756	123522	48596	94555	63120	104300
Zotu618	13	4	2	12	2	18	6	0	0	0	0	0	0	0	0	0	0	0	0	0	0	0	0	0	0	0	0	0	0	0
Zotu213	5	0	0	0	0	1	0	0	0	0	0	0	0	0	0	0	0	0	0	0	0	0	0	0	0	0	0	0	0	0
Zotu573	7	4	0	11	6	1	0	0	0	0	0	0	0	0	0	0	0	0	0	0	0	0	0	0	0	0	0	0	0	0
Zotu8	1	1	0	0	1	0	3	0	0	0	0	0	0	0	0	0	0	0	0	0	0	0	0	0	0	0	0	0	0	0
Zotu900	4	1	0	2	0	5	5	0	0	0	0	0	0	0	0	0	0	0	0	0	0	0	0	0	0	0	0	0	0	0
Zotu661	3	3	10	26	4	19	4	0	0	0	0	0	0	0	0	0	0	0	0	0	0	0	0	0	0	0	0	0	0	0
Zotu622	10	0	6	11	6	12	7	0	0	0	0	0	0	0	0	0	0	0	0	0	0	0	0	0	0	0	0	0	0	0
Zotu552	9	0	13	0	0	0	0	0	0	0	0	0	0	0	0	0	0	0	0	0	0	0	0	0	0	0	0	0	0	0
Zotu673	7	0	0	0	0	0	0	0	0	0	0	0	0	0	0	0	0	0	0	0	0	0	0	0	0	0	0	0	0	0
Zotu1207	1	0	0	0	0	0	12	0	0	0	0	0	0	0	0	0	0	0	0	0	0	0	0	0	0	0	0	0	0	0
Zotu137	5	0	0	0	0	0	0	0	0	0	0	0	0	0	0	0	0	0	0	0	0	0	0	0	0	0	0	0	0	0
Zotu403	1	1	2	2	0	0	0	1	5	3	2	0	1	0	6	2	2	1	3	0	5	0	1	8	11	4	0	1	1	11
Zotu1	1	0	1	3	0	1	0	11	4	1	6	0	0	1	4	1	1	2	8	0	1	0	1	38	8	3	0	5	1	19
Zotu17	3	1	2	1	765	2	498	0	0	0	0	0	0	0	0	0	0	0	0	0	0	0	0	0	0	0	0	0	0	0
Zotu844	1	0	0	0	0	0	0	0	0	0	0	0	0	0	0	0	0	0	0	0	0	0	0	0	0	0	0	0	0	0
Zotu901	1	1	0	0	0	0	0	0	16	0	0	0	0	0	0	0	0	0	0	0	0	0	0	0	0	0	0	0	0	0
Zotu211	0	3	1	1	0	0	0	0	0	0	0	0	0	0	0	0	0	0	0	0	0	0	0	0	0	0	0	0	0	0
Zotu829	0	3	1	0	3	0	1	0	0	0	0	0	0	0	0	0	0	0	0	0	0	0	0	0	0	0	0	0	0	0
Zotu16	0	2	0	1	0	0	0	0	0	0	0	0	0	0	0	0	0	0	0	0	0	0	0	0	0	0	0	0	0	0
Zotu69	0	1	0	0	0	0	0	0	0	1	0	6	0	14	0	0	0	0	2	0	0	0	0	0	35	0	0	0	0	0
Zotu161	0	1	0	0	0	0	0	0	0	0	0	0	0	0	0	0	0	0	0	0	0	0	0	0	0	0	0	0	0	0
Zotu274	0	1	0	1	0	17	0	0	0	0	0	0	0	0	0	0	0	0	0	0	0	0	0	0	0	0	0	0	0	0
Zotu256	0	1	0	0	0	0	0	0	0	1	0	0	0	0	0	0	0	0	0	0	0	0	0	0	0	0	0	0	0	0
Zotu743	0	6	0	11	4	13	5	0	0	0	0	0	0	0	0	0	0	0	0	0	0	0	0	0	0	0	0	0	0	0
Zotu1146	0	0	1	0	2	11	0	0	0	0	0	0	0	0	0	0	0	0	0	0	0	0	0	0	0	0	0	0	0	0
Zotu112	0	0	1	2	0	0	0	0	0	0	0	0	0	0	0	0	0	0	0	0	0	0	0	0	0	0	0	0	0	0
Zotu258	0	0	2	0	0	0	0	0	0	0	0	0	0	0	0	0	0	0	0	0	0	0	0	0	0	0	0	0	0	0
Zotu940	0	0	2	0	0	0	0	0	0	0	0	0	0	0	0	0	0	0	0	0	0	0	0	0	0	0	0	0	0	0
Zotu1114	0	0	0	14	0	0	0	0	0	0	0	0	0	0	0	0	0	0	0	0	0	0	0	0	0	0	0	0	0	0
Zotu294	0	0	0	1	0	0	0	0	4	10	0	0	0	0	0	0	0	4	0	0	0	0	0	0	0	0	12	0	0	0
Zotu66	0	0	0	0	7	0	0	88	90	32	116	44	67	47	11	36	79	25	31	43	71	5	151	103	59	23	0	30	0	66
Zotu29	0	0	0	0	1	0	0	0	0	0	0	0	0	0	0	0	0	0	0	0	0	0	0	0	0	0	0	0	0	0
Zotu456	0	0	0	0	0	2	0	0	0	0	25	0	0	0	1	0	0	0	0	0	0	0	0	0	0	0	0	1	0	0
Zotu761	0	0	0	0	0	1	0	0	0	0	0	0	0	0	0	0	0	0	0	0	0	0	0	0	0	0	0	0	0	0
Zotu90	0	0	0	0	0	1	0	0	0	0	0	0	0	0	0	0	0	0	0	0	0	0	0	0	0	0	0	0	0	0
Zotu169	0	0	0	0	0	0	0	18	24	0	11	3	6	2	0	14	0	4	32	0	12	0	20	7	1	1	0	0	0	13
Zotu88	0	0	0	0	0	0	0	210	200	178	102	66	310	60	279	168	210	59	216	291	108	17	150	85	116	179	52	144	26	92
Zotu25	0	0	0	0	0	0	0	2807	3906	825	1113	500	951	705	952	935	1241	401	2212	211	1098	4	1386	1303	897	1225	300	855	156	1538
Zotu31	0	0	0	0	0	0	0	1730	1950	1406	759	481	2216	633	2982	2034	2413	554	2736	3785	1076	317	2128	760	1247	1746	791	1107	483	1073
Zotu24	0	0	0	0	0	0	0	8523	4538	0	2730	1044	1596	1900	2970	2596	3999	647	4992	4536	3596	1744	1517	1912	2300	5373	1444	3520	2603	1461
Zotu55	0	0	0	0	0	0	0	446	455	182	191	114	338	184	144	162	169	148	223	19	261	1	180	129	92	246	22	193	10	190
Zotu95	0	0	0	0	0	0	0	90	115	80	49	25	56	25	104	51	128	9	62	255	35	36	96	34	105	96	77	59	28	83
Zotu52	0	0	0	0	0	0	0	388	395	374	172	164	576	140	445	359	361	173	412	379	268	13	312	159	201	357	85	262	33	165
Zotu44	0	0	0	0	0	0	0	1152	1221	1170	621	503	1941	534	1596	1182	1411	628	1172	1611	923	126	1132	552	634	1194	377	983	282	655
Zotu1024	0	0	0	0	0	0	0	17	0	0	0	0	0	0	0	0	0	0	0	0	0	0	0	0	0	0	0	0	0	0
Zotu81	0	0	0	0	0	0	0	97	118	113	49	47	192	57	144	138	102	51	118	177	86	12	123	40	56	134	25	89	23	56
Zotu94	0	0	0	0	0	0	0	101	133	38	44	28	27	26	27	27	24	15	43	10	50	5	59	47	43	41	10	37	15	61
Zotu37	0	0	0	0	0	0	0	1358	1426	499	666	416	801	378	729	519	850	281	635	824	719	106	744	856	535	918	217	670	368	876
Zotu97	0	0	0	0	0	0	0	95	124	122	74	43	196	57	154	107	130	33	80	177	78	7	131	43	95	111	21	102	21	58
Zotu164	0	0	0	0	0	0	0	211	261	155	201	129	266	187	143	186	160	180	178	91	264	14	235	248	165	233	59	165	40	204
Zotu107	0	0	0	0	0	0	0	55	43	43	22	18	63	12	50	35	49	19	46	36	31	2	43	20	25	48	8	27	8	15
Zotu46	0	0	0	0	0	0	0	466	504	487	236	168	795	170	633	530	502	160	629	524	326	24	498	207	260	447	116	296	58	229
Zotu35	0	0	0	0	0	0	0	1194	1374	902	634	378	1420	345	1912	1208	1659	318	1652	2715	585	332	1361	491	1157	1034	621	828	403	838
Zotu34	0	0	0	0	0	0	0	1059	1333	801	449	272	1070	238	1530	981	1321	193	1747	1702	562	127	1058	539	862	837	530	504	327	575
Zotu71	0	0	0	0	0	0	0	147	139	159	118	54	279	62	220	146	194	71	145	222	102	24	184	55	92	176	28	135	40	81
Zotu961	0	0	0	0	0	0	0	6	3	0	3	2	3	0	4	3	4	1	2	5	9	4	1	2	1	7	2	8	3	0
Zotu446	0	0	0	0	0	0	0	66	0	0	0	0	0	0	0	0	0	0	0	0	0	0	0	0	0	1	0	0	0	0
Zotu418	0	0	0	0	0	0	0	72	0	0	13	0	0	0	0	0	0	0	0	0	0	0	0	0	0	0	0	0	0	0
Zotu85	0	0	0	0	0	0	0	95	85	38	51	25	80	35	40	35	42	34	25	27	63	1	57	44	17	85	9	61	14	56
Zotu79	0	0	0	0	0	0	0	196	164	95	84	85	159	51	95	67	104	77	72	86	144	14	95	102	44	152	19	143	26	95
Zotu263	0	0	0	0	0	0	0	77	54	47	17	17	81	12	67	42	49	17	62	44	34	6	46	12	28	38	9	24	6	35
Zotu589	0	0	0	0	0	0	0	3	10	0	0	3	3	0	0	12	0	0	6	0	0	0	40	0	0	0	0	0	0	0
Zotu171	0	0	0	0	0	0	0	44	39	18	17	13	48	27	6	29	2	25	48	0	44	0	15	7	3	14	0	26	0	17
Zotu145	0	0	0	0	0	0	0	66	91	19	27	16	22	25	13	8	24	10	15	2	29	1	32	36	41	22	15	23	4	43
Zotu284	0	0	0	0	0	0	0	14	19	3	6	4	14	8	1	12	0	6	25	0	16	0	5	5	0	6	0	13	0	5
Zotu1123	0	0	0	0	0	0	0	112	127	74	44	31	91	26	72	46	61	29	77	54	58	4	65	49	54	59	19	48	13	64
Zotu135	0	0	0	0	0	0	0	18	25	9	25	10	8	0	1	42	7	5	38	0	11	0	6	32	17	6	1	6	0	35
Zotu310	0	0	0	0	0	0	0	25	68	11	10	4	7	1	0	52	0	22	5	4	17	1	16	2	0	0	0	5	0	0
Zotu143	0	0	0	0	0	0	0	26	14	25	13	17	23	41	2	2	12	0	21	2	8	9	0	3	0	12	0	15	20	11
Zotu907	0	0	0	0	0	0	0	7	7	0	1	2	3	2	0	0	0	0	2	0	2	0	1	0	0	0	0	2	0	0
Zotu495	0	0	0	0	0	0	0	11	6	3	1	0	0	0	0	0	0	0	7	0	0	0	0	0	0	1	0	0	0	0
Zotu644	0	0	0	0	0	0	0	14	9	15	4	0	20	0	18	9	11	2	7	19	3	1	7	1	4	5	2	3	0	1
Zotu1000	0	0	0	0	0	0	0	92	45	0	40	14	32	37	29	33	46	12	42	38	62	2	28	26	22	50	14	57	7	9
Zotu533	0	0	0	0	0	0	0	12	0	0	0	0	0	1	0	0	0	0	0	0	0	0	0	0	0	0	0	1	0	0
Zotu544	0	0	0	0	0	0	0	56	1	0	0	0	0	0	0	0	0	0	0	0	0	0	0	0	0	0	0	0	0	0
Zotu65	0	0	0	0	0	0	0	24	31	14	13	11	35	22	18	8	9	25	8	7	28	0	10	11	1	19	1	32	3	11
Zotu801	0	0	0	0	0	0	0	9	0	0	13	0	2	0	0	1	0	0	0	0	10	0	0	1	0	0	0	0	0	0
Zotu413	0	0	0	0	0	0	0	23	13	12	12	10	18	10	4	22	3	10	18	0	26	0	14	12	4	10	2	22	0	14
Zotu297	0	0	0	0	0	0	0	3	1	1	3	0	1	0	0	0	0	0	0	0	2	0	0	16	1	1	0	7	0	26
Zotu878	0	0	0	0	0	0	0	7	5	10	0	4	5	3	2	4	1	4	6	1	5	2	7	1	4	4	2	2	0	3
Zotu313	0	0	0	0	0	0	0	15	17	12	11	10	18	12	15	16	15	12	12	10	13	14	14	4	1	22	3	15	3	3
Zotu682	0	0	0	0	0	0	0	10	1	5	1	5	1	6	0	1	1	0	3	0	13	0	3	9	1	0	0	3	0	0
Zotu370	0	0	0	0	0	0	0	5	29	16	8	5	5	1	7	11	24	0	9	2	8	0	0	26	1	2	1	3	0	15
Zotu379	0	0	0	0	0	0	0	7	7	3	4	3	4	5	0	2	3	0	1	3	2	0	5	1	4	5	0	4	0	3
Zotu970	0	0	0	0	0	0	0	3	0	0	0	10	0	0	4	0	10	0	1	0	1	0	0	4	0	0	0	0	0	0
Zotu868	0	0	0	0	0	0	0	2	6	3	0	0	0	4	0	0	1	0	0	0	2	0	2	0	0	0	0	0	0	0
Zotu915	0	0	0	0	0	0	0	14	0	0	0	0	0	0	0	0	0	0	0	0	0	0	0	0	0	0	0	0	0	0
Zotu531	0	0	0	0	0	0	0	6	5	7	2	1	10	0	8	1	4	0	11	10	1	0	0	2	0	1	0	6	0	2
Zotu329	0	0	0	0	0	0	0	10	8	6	7	3	8	3	4	9	3	3	3	1	11	0	5	5	0	0	0	7	0	3
Zotu626	0	0	0	0	0	0	0	16	15	8	10	2	4	9	4	24	15	9	17	15	13	22	6	5	4	29	10	17	10	3
Zotu246	0	0	0	0	0	0	0	12	29	4	4	2	5	6	0	3	2	0	3	0	33	0	2	0	0	3	0	0	0	2
Zotu58	0	0	0	0	0	0	0	3	6	4	1	1	18	7	1	3	12	2	4	2	2	0	8	0	2	6	1	4	0	4
Zotu510	0	0	0	0	0	0	0	18	15	4	4	0	10	0	5	10	12	3	9	11	9	2	14	9	2	9	2	5	4	6
Zotu1181	0	0	0	0	0	0	0	4	0	0	0	9	0	0	15	0	8	0	1	0	3	0	0	10	0	5	0	0	0	0
Zotu309	0	0	0	0	0	0	0	6	20	0	1	0	3	0	0	0	3	0	1	0	1	0	0	0	0	2	0	0	0	0
Zotu880	0	0	0	0	0	0	0	11	12	6	9	4	3	6	1	9	5	6	8	0	8	2	19	2	1	7	0	5	1	7
Zotu438	0	0	0	0	0	0	0	17	0	0	0	6	0	0	3	1	4	0	10	0	10	0	0	0	0	15	0	0	1	0
Zotu803	0	0	0	0	0	0	0	5	1	0	0	0	2	0	0	0	0	0	1	2	0	0	0	0	0	0	0	0	0	0
Zotu332	0	0	0	0	0	0	0	10	12	8	3	7	4	1	5	2	3	0	4	14	6	3	4	4	3	10	1	15	4	5
Zotu493	0	0	0	0	0	0	0	6	0	0	0	0	0	0	0	0	0	0	0	0	0	0	0	0	0	0	0	0	0	0
Zotu879	0	0	0	0	0	0	0	25	0	0	0	0	0	0	0	0	0	0	0	0	0	0	0	0	0	0	0	0	0	0
Zotu125	0	0	0	0	0	0	0	1	0	0	0	0	0	0	28	0	0	1	0	0	7	0	0	0	37	0	3	0	10	0
Zotu124	0	0	0	0	0	0	0	1	0	0	0	0	1	0	1	0	1	0	0	0	0	0	1	0	0	1	0	0	0	0
Zotu784	0	0	0	0	0	0	0	5	3	0	0	3	0	0	0	4	0	0	4	0	1	0	2	0	0	2	0	0	0	0
Zotu951	0	0	0	0	0	0	0	1	7	0	0	0	2	4	1	0	0	1	1	0	2	0	7	0	0	0	0	0	0	0
Zotu581	0	0	0	0	0	0	0	1	5	1	4	1	2	1	0	0	0	0	0	0	0	0	0	0	0	0	0	0	0	7
Zotu724	0	0	0	0	0	0	0	1	3	21	0	0	1	1	0	0	0	0	0	0	5	0	2	0	0	0	0	0	0	0
Zotu579	0	0	0	0	0	0	0	3	0	0	1	17	0	0	16	0	23	0	0	0	1	0	0	25	0	0	0	0	1	0
Zotu1162	0	0	0	0	0	0	0	6	0	0	0	0	0	8	0	0	0	0	0	0	0	0	0	0	0	0	0	0	0	0
Zotu504	0	0	0	0	0	0	0	2	0	0	0	0	0	0	0	0	0	0	0	0	0	0	0	0	0	0	0	0	0	0
Zotu12	0	0	0	0	0	0	0	1	3	0	5	0	0	0	2	1	1	0	2	0	1	0	0	2	3	1	0	1	0	1
Zotu919	0	0	0	0	0	0	0	1	0	0	0	0	1	0	0	0	0	0	1	0	0	0	0	0	0	0	0	1	0	0
Zotu467	0	0	0	0	0	0	0	3	26	0	13	0	0	8	0	0	0	6	0	0	4	0	5	0	0	0	0	1	0	0
Zotu503	0	0	0	0	0	0	0	1	0	0	9	1	2	0	0	1	0	0	0	0	10	7	1	0	0	0	0	0	0	0
Zotu786	0	0	0	0	0	0	0	2	0	0	0	0	0	0	7	0	3	5	2	0	0	0	0	0	0	0	0	4	1	0
Zotu967	0	0	0	0	0	0	0	1	0	0	0	5	0	0	2	2	4	0	2	0	3	0	0	2	0	2	0	0	0	0
Zotu152	0	0	0	0	0	0	0	0	9	0	0	1	0	0	0	0	4	0	11	3	0	0	0	0	0	3	7	1	4	0
Zotu971	0	0	0	0	0	0	0	0	18	0	0	0	0	0	0	0	0	0	0	0	0	0	0	0	0	0	0	0	0	0
Zotu366	0	0	0	0	0	0	0	0	91	17	0	10	11	0	1	2	1	3	0	0	0	0	34	0	0	0	0	0	0	13
Zotu527	0	0	0	0	0	0	0	0	21	0	0	4	1	0	2	0	0	1	0	0	0	0	2	0	0	0	0	0	0	0
Zotu299	0	0	0	0	0	0	0	0	18	4	1	4	0	0	0	0	0	0	0	0	10	0	3	0	0	0	0	0	0	29
Zotu3	0	0	0	0	0	0	0	0	33	0	0	0	0	0	1	0	0	0	0	0	0	0	0	0	0	5	3	0	0	0
Zotu172	0	0	0	0	0	0	0	0	39	2	8	0	10	2	0	0	4	0	0	0	1	0	4	0	0	0	0	1	0	0
Zotu677	0	0	0	0	0	0	0	0	8	1	3	0	4	0	0	0	0	0	0	0	4	0	6	0	0	0	0	0	0	0
Zotu484	0	0	0	0	0	0	0	0	4	0	5	2	0	1	0	0	0	0	0	0	0	0	0	0	0	0	0	0	0	0
Zotu290	0	0	0	0	0	0	0	0	11	0	1	0	0	0	0	0	0	0	0	0	5	0	0	0	0	0	0	0	0	0
Zotu306	0	0	0	0	0	0	0	0	4	1	0	0	0	0	1	1	2	0	0	0	1	1	4	0	1	1	0	0	0	1
Zotu1187	0	0	0	0	0	0	0	0	3	1	0	0	0	0	0	0	0	0	0	0	0	0	2	0	0	0	0	0	0	0
Zotu796	0	0	0	0	0	0	0	0	7	0	0	0	0	26	0	0	0	0	0	0	0	0	0	0	0	0	0	0	0	0
Zotu170	0	0	0	0	0	0	0	0	17	0	0	0	0	0	0	0	0	0	0	0	0	0	0	0	0	0	0	0	0	0
Zotu870	0	0	0	0	0	0	0	0	2	0	0	0	2	0	0	1	0	0	0	1	1	0	0	0	0	0	0	0	0	0
Zotu1112	0	0	0	0	0	0	0	0	4	0	4	0	0	0	0	0	0	0	0	0	0	0	0	4	1	0	0	0	0	3
Zotu590	0	0	0	0	0	0	0	0	7	0	0	0	0	0	0	3	0	0	0	0	0	0	0	0	0	0	0	0	0	1
Zotu788	0	0	0	0	0	0	0	0	4	0	0	0	0	0	0	0	0	0	0	0	0	0	0	0	0	0	0	0	0	0
Zotu20	0	0	0	0	0	0	0	0	1	0	0	0	0	0	0	0	4	0	0	0	0	0	0	0	1	0	0	3	0	0
Zotu755	0	0	0	0	0	0	0	0	2	0	0	0	0	0	0	2	0	0	0	0	0	0	0	0	7	0	0	0	0	0
Zotu378	0	0	0	0	0	0	0	0	2	0	1	0	3	0	0	1	0	0	0	0	0	0	0	0	0	0	0	0	0	11
Zotu428	0	0	0	0	0	0	0	0	1	0	0	0	0	0	0	0	0	0	2	0	1	0	0	0	0	0	0	0	0	0
Zotu74	0	0	0	0	0	0	0	0	1	0	0	0	0	0	2	0	1	0	2	1	0	0	1	0	0	0	0	0	0	0
Zotu1029	0	0	0	0	0	0	0	0	1	3	3	0	0	0	3	0	0	0	0	0	0	0	0	0	0	0	0	0	0	0
Zotu606	0	0	0	0	0	0	0	0	1	0	0	0	0	0	0	0	0	0	0	0	0	0	0	0	0	0	0	0	0	0
Zotu580	0	0	0	0	0	0	0	0	2	2	0	2	0	0	0	0	0	1	3	17	4	0	0	0	0	0	0	0	18	0
Zotu810	0	0	0	0	0	0	0	0	1	0	5	0	0	0	0	0	0	0	0	0	0	0	0	0	0	0	0	0	0	0
Zotu285	0	0	0	0	0	0	0	0	1	0	0	0	0	0	0	0	0	0	0	0	0	0	0	0	0	0	0	0	0	0
Zotu1056	0	0	0	0	0	0	0	0	1	0	0	0	0	0	0	0	0	0	0	0	0	0	0	0	0	0	0	0	0	0
Zotu643	0	0	0	0	0	0	0	0	2	0	0	1	1	3	0	1	0	0	0	0	1	0	2	0	0	0	0	1	0	1
Zotu671	0	0	0	0	0	0	0	0	2	1	0	0	0	1	0	0	0	1	0	0	0	0	0	0	0	0	0	0	0	0
Zotu442	0	0	0	0	0	0	0	0	0	23	0	0	0	0	0	0	0	0	0	0	0	0	0	0	0	0	0	6	0	0
Zotu89	0	0	0	0	0	0	0	0	0	1	0	0	1	0	0	0	0	0	0	0	0	0	0	0	0	0	0	0	0	0
Zotu1038	0	0	0	0	0	0	0	0	0	1	0	2	0	0	0	0	0	0	0	0	0	1	0	0	0	0	0	0	0	0
Zotu245	0	0	0	0	0	0	0	0	0	15	0	0	2	0	0	0	0	0	0	0	0	2	0	0	0	0	0	0	0	0
Zotu431	0	0	0	0	0	0	0	0	0	3	2	0	0	2	0	0	0	0	0	0	1	0	0	1	0	1	0	0	0	1
Zotu190	0	0	0	0	0	0	0	0	0	1	0	0	0	0	0	0	2	0	1	0	0	0	2	0	0	0	0	0	0	1
Zotu860	0	0	0	0	0	0	0	0	0	1	0	4	0	0	5	0	0	0	0	0	0	0	0	0	0	0	0	0	0	0
Zotu277	0	0	0	0	0	0	0	0	0	10	15	0	0	16	0	2	20	0	0	0	38	0	9	4	2	31	0	29	0	0
Zotu1188	0	0	0	0	0	0	0	0	0	2	0	0	0	0	0	0	1	0	0	0	0	0	0	0	0	0	0	0	0	0
Zotu660	0	0	0	0	0	0	0	0	0	2	1	0	0	0	0	0	0	0	0	0	0	0	1	0	0	14	0	5	0	0
Zotu599	0	0	0	0	0	0	0	0	0	1	0	0	0	0	0	0	0	0	0	11	0	0	0	0	0	0	0	0	0	0
Zotu775	0	0	0	0	0	0	0	0	0	0	35	0	0	0	0	0	0	0	0	0	0	0	0	0	0	0	0	0	0	0
Zotu220	0	0	0	0	0	0	0	0	0	0	10	0	1	0	0	0	0	0	0	0	0	0	0	0	0	0	0	0	0	0
Zotu80	0	0	0	0	0	0	0	0	0	0	28	0	0	0	0	1	0	0	176	21	0	0	33	0	0	137	8	0	0	27
Zotu336	0	0	0	0	0	0	0	0	0	0	4	0	16	0	0	1	0	0	0	0	0	0	2	0	0	0	0	0	0	0
Zotu789	0	0	0	0	0	0	0	0	0	0	1	15	0	7	0	0	0	0	10	0	0	0	0	0	0	5	0	0	0	0
Zotu432	0	0	0	0	0	0	0	0	0	0	4	0	0	0	0	0	0	0	0	0	0	0	0	0	0	0	0	0	0	0
Zotu11	0	0	0	0	0	0	0	0	0	0	2	0	0	0	0	1	0	0	0	0	2	0	0	1	0	0	0	0	0	0
Zotu425	0	0	0	0	0	0	0	0	0	0	1	0	0	0	0	0	0	0	0	0	0	0	0	0	0	0	0	0	0	0
Zotu1105	0	0	0	0	0	0	0	0	0	0	3	0	0	0	0	0	0	0	0	0	3	0	0	0	0	0	0	0	0	0
Zotu908	0	0	0	0	0	0	0	0	0	0	1	0	0	0	0	0	0	0	2	0	15	0	0	0	0	0	0	0	0	0
Zotu105	0	0	0	0	0	0	0	0	0	0	1	0	0	0	0	0	0	0	0	0	1	0	0	0	0	0	0	1	0	0
Zotu236	0	0	0	0	0	0	0	0	0	0	0	44	0	0	47	0	73	0	0	0	0	0	0	110	0	0	0	0	0	0
Zotu225	0	0	0	0	0	0	0	0	0	0	0	9	0	0	0	5	0	0	0	1	1	0	0	0	0	0	0	0	0	1
Zotu509	0	0	0	0	0	0	0	0	0	0	0	9	0	0	1	0	51	0	3	0	0	0	0	0	0	1	0	0	0	0
Zotu38	0	0	0	0	0	0	0	0	0	0	0	3	0	0	0	0	0	0	0	0	0	0	0	0	0	0	0	0	0	0
Zotu232	0	0	0	0	0	0	0	0	0	0	0	8	1	0	0	0	0	0	0	0	0	0	0	0	0	233	0	0	0	7
Zotu850	0	0	0	0	0	0	0	0	0	0	0	1	3	0	0	0	0	0	0	0	0	0	3	0	0	0	0	0	0	0
Zotu532	0	0	0	0	0	0	0	0	0	0	0	3	0	0	1	0	0	0	0	0	0	0	0	0	0	0	0	0	0	0
Zotu1057	0	0	0	0	0	0	0	0	0	0	0	0	3	0	0	0	0	0	0	0	0	0	1	0	0	0	0	0	0	0
Zotu834	0	0	0	0	0	0	0	0	0	0	0	0	1	0	0	0	0	0	0	0	0	0	0	0	0	0	0	0	0	0
Zotu83	0	0	0	0	0	0	0	0	0	0	0	0	4	0	0	0	0	0	0	0	0	0	0	0	0	0	0	0	0	0
Zotu1142	0	0	0	0	0	0	0	0	0	0	0	0	2	0	0	0	0	0	0	0	0	0	0	0	0	0	0	0	1	0
Zotu1026	0	0	0	0	0	0	0	0	0	0	0	0	4	0	0	0	1	0	0	2	0	0	0	0	0	0	0	0	0	0
Zotu1051	0	0	0	0	0	0	0	0	0	0	0	0	3	0	0	0	0	0	0	0	0	0	0	0	0	0	0	0	0	0
Zotu792	0	0	0	0	0	0	0	0	0	0	0	0	1	0	0	0	0	0	0	0	0	0	0	0	0	0	0	0	0	0
Zotu14	0	0	0	0	0	0	0	0	0	0	0	0	1	0	0	0	0	0	0	0	0	27	0	0	0	0	0	0	0	0
Zotu1091	0	0	0	0	0	0	0	0	0	0	0	0	1	0	0	0	0	0	0	0	0	0	0	0	0	0	0	0	0	0
Zotu187	0	0	0	0	0	0	0	0	0	0	0	0	0	24	0	0	0	0	0	0	0	0	0	0	0	0	0	0	0	0
Zotu704	0	0	0	0	0	0	0	0	0	0	0	0	0	8	0	0	0	0	0	0	0	0	0	0	0	0	0	0	0	0
Zotu443	0	0	0	0	0	0	0	0	0	0	0	0	0	9	0	0	0	0	0	0	0	0	0	0	0	0	0	0	0	0
Zotu458	0	0	0	0	0	0	0	0	0	0	0	0	0	1	0	0	0	0	0	0	0	0	0	0	0	0	0	0	0	0
Zotu855	0	0	0	0	0	0	0	0	0	0	0	0	0	0	22	0	2	0	0	0	0	0	0	0	0	0	0	0	0	0
Zotu344	0	0	0	0	0	0	0	0	0	0	0	0	0	0	105	0	0	0	0	0	0	0	0	0	0	0	0	0	0	0
Zotu1113	0	0	0	0	0	0	0	0	0	0	0	0	0	0	14	0	0	0	0	0	0	0	0	0	0	0	0	0	0	0
Zotu22	0	0	0	0	0	0	0	0	0	0	0	0	0	0	2	0	0	0	0	0	0	0	0	0	0	0	0	0	0	0
Zotu84	0	0	0	0	0	0	0	0	0	0	0	0	0	0	30	0	0	0	0	0	0	0	0	0	0	0	0	0	0	0
Zotu440	0	0	0	0	0	0	0	0	0	0	0	0	0	0	86	0	0	0	0	0	0	0	0	0	0	0	0	0	0	0
Zotu144	0	0	0	0	0	0	0	0	0	0	0	0	0	0	14	0	0	0	0	0	0	0	0	0	0	0	1	0	0	0
Zotu196	0	0	0	0	0	0	0	0	0	0	0	0	0	0	1	0	0	0	0	9	0	0	0	0	0	0	0	0	0	0
Zotu371	0	0	0	0	0	0	0	0	0	0	0	0	0	0	0	1	0	0	0	0	0	0	0	0	0	0	0	0	0	0
Zotu119	0	0	0	0	0	0	0	0	0	0	0	0	0	0	0	1	0	0	0	0	0	0	0	0	0	0	0	0	0	0
Zotu147	0	0	0	0	0	0	0	0	0	0	0	0	0	0	0	0	25	0	0	0	0	0	0	0	0	0	0	0	0	0
Zotu782	0	0	0	0	0	0	0	0	0	0	0	0	0	0	0	0	2	0	0	0	0	0	0	0	0	0	0	0	0	0
Zotu725	0	0	0	0	0	0	0	0	0	0	0	0	0	0	0	0	0	1	0	0	0	0	0	0	36	0	0	0	0	0
Zotu333	0	0	0	0	0	0	0	0	0	0	0	0	0	0	0	0	0	0	131	0	0	0	0	0	0	0	0	0	0	0
Zotu912	0	0	0	0	0	0	0	0	0	0	0	0	0	0	0	0	0	0	28	0	0	0	0	0	0	0	0	0	0	0
Zotu937	0	0	0	0	0	0	0	0	0	0	0	0	0	0	0	0	0	0	1	0	0	0	0	0	0	0	0	0	0	0
Zotu753	0	0	0	0	0	0	0	0	0	0	0	0	0	0	0	0	0	0	11	1	0	0	0	0	0	0	0	0	0	0
Zotu568	0	0	0	0	0	0	0	0	0	0	0	0	0	0	0	0	0	0	1	0	0	0	0	0	0	0	0	0	0	0
Zotu819	0	0	0	0	0	0	0	0	0	0	0	0	0	0	0	0	0	0	1	0	0	0	0	0	0	0	0	0	0	3
Zotu1196	0	0	0	0	0	0	0	0	0	0	0	0	0	0	0	0	0	0	0	4	0	0	0	0	0	0	0	0	0	0
Zotu689	0	0	0	0	0	0	0	0	0	0	0	0	0	0	0	0	0	0	0	0	1	0	2	0	0	0	0	0	0	3
Zotu392	0	0	0	0	0	0	0	0	0	0	0	0	0	0	0	0	0	0	0	0	1	0	0	0	0	0	0	0	0	0
Zotu267	0	0	0	0	0	0	0	0	0	0	0	0	0	0	0	0	0	0	0	0	0	0	49	3	0	0	0	0	0	0
Zotu1084	0	0	0	0	0	0	0	0	0	0	0	0	0	0	0	0	0	0	0	0	0	0	9	0	2	0	0	2	0	0
Zotu28	0	0	0	0	0	0	0	0	0	0	0	0	0	0	0	0	0	0	0	0	0	0	1	0	0	0	0	0	0	0
Zotu1034	0	0	0	0	0	0	0	0	0	0	0	0	0	0	0	0	0	0	0	0	0	0	17	0	0	0	0	0	0	0
Zotu140	0	0	0	0	0	0	0	0	0	0	0	0	0	0	0	0	0	0	0	0	0	0	1	0	0	0	0	0	0	0
Zotu54	0	0	0	0	0	0	0	0	0	0	0	0	0	0	0	0	0	0	0	0	0	0	1	0	0	0	0	0	0	0
Zotu7	0	0	0	0	0	0	0	0	0	0	0	0	0	0	0	0	0	0	0	0	0	0	0	30	0	1	0	0	0	0
Zotu1078	0	0	0	0	0	0	0	0	0	0	0	0	0	0	0	0	0	0	0	0	0	0	0	14	0	0	0	0	0	0
Zotu768	0	0	0	0	0	0	0	0	0	0	0	0	0	0	0	0	0	0	0	0	0	0	0	26	0	0	0	0	0	0
Zotu866	0	0	0	0	0	0	0	0	0	0	0	0	0	0	0	0	0	0	0	0	0	0	0	30	1	0	0	0	0	0
Zotu1117	0	0	0	0	0	0	0	0	0	0	0	0	0	0	0	0	0	0	0	0	0	0	0	15	0	0	0	0	0	0
Zotu408	0	0	0	0	0	0	0	0	0	0	0	0	0	0	0	0	0	0	0	0	0	0	0	4	0	4	0	0	0	0
Zotu923	0	0	0	0	0	0	0	0	0	0	0	0	0	0	0	0	0	0	0	0	0	0	0	1	0	0	0	0	0	0
Zotu973	0	0	0	0	0	0	0	0	0	0	0	0	0	0	0	0	0	0	0	0	0	0	0	0	25	0	0	0	0	0
Zotu390	0	0	0	0	0	0	0	0	0	0	0	0	0	0	0	0	0	0	0	0	0	0	0	0	1	0	0	0	0	0
Zotu762	0	0	0	0	0	0	0	0	0	0	0	0	0	0	0	0	0	0	0	0	0	0	0	0	1	0	0	0	0	0
Zotu75	0	0	0	0	0	0	0	0	0	0	0	0	0	0	0	0	0	0	0	0	0	0	0	0	0	7	0	0	0	1
Zotu628	0	0	0	0	0	0	0	0	0	0	0	0	0	0	0	0	0	0	0	0	0	0	0	0	0	8	0	0	0	0
Zotu774	0	0	0	0	0	0	0	0	0	0	0	0	0	0	0	0	0	0	0	0	0	0	0	0	0	0	11	0	0	0
Zotu1081	0	0	0	0	0	0	0	0	0	0	0	0	0	0	0	0	0	0	0	0	0	0	0	0	0	0	5	0	0	0
Zotu1079	0	0	0	0	0	0	0	0	0	0	0	0	0	0	0	0	0	0	0	0	0	0	0	0	0	0	0	13	0	0
Zotu994	0	0	0	0	0	0	0	0	0	0	0	0	0	0	0	0	0	0	0	0	0	0	0	0	0	0	0	0	18	0
Zotu98	0	0	0	0	0	0	0	0	0	0	0	0	0	0	0	0	0	0	0	0	0	0	0	0	0	0	0	0	0	1
