#OTU ID	HEV099	HEV100	HEV101	HEV102	HEV103	HEV104	HEV105	HEV106	HEV107	HEV108	HEV109	HEV110	HEV111	ISO01	ISO02	ISO04	ISO05	ISO06	ISO07	ISO08	ISO09	ISO10	ISO11	ISO12	ISO13	ISO14	ISO15
Zotu403	170535	141509	158166	140291	163318	101957	106722	139107	119295	111203	133230	133990	154393	0	0	0	0	0	6	0	2	5	3	3	3	0	0
Zotu1	83309	55899	81558	61414	56591	50474	50798	70922	62959	44830	70202	63388	81908	0	2	0	0	1	6	0	1	12	9	3	6	0	1
Zotu390	385	225	367	263	243	259	249	332	266	246	350	309	399	0	0	0	0	0	0	0	0	0	0	0	0	0	0
Zotu50	14	0	0	1	12	4	14	0	9	0	0	0	361	0	0	0	0	0	0	0	0	0	0	0	0	0	0
Zotu1071	11	0	0	0	0	0	0	0	0	0	0	0	0	0	0	0	0	0	0	0	0	0	0	0	0	0	0
Zotu39	8	2	104	5	7	36	2	27	21	5	280	63	310	0	0	0	0	0	0	0	0	0	0	0	0	0	0
Zotu261	7	0	1	0	0	0	0	0	0	0	41	0	0	0	0	0	0	0	0	0	0	0	0	0	0	0	0
Zotu193	25	0	0	0	0	0	187	0	0	0	141	0	0	0	0	0	0	0	0	0	0	0	0	0	0	0	0
Zotu132	6	1	1	1	0	7	2	8	6	1	25	4	6	0	0	0	0	0	0	0	0	0	0	0	0	0	0
Zotu410	6	0	0	0	0	0	0	0	0	0	209	0	4	0	0	0	0	0	0	0	0	0	0	0	0	0	0
Zotu141	8	5	6	1	4	2	0	6	8	1	3	2	122	0	0	0	0	0	0	0	0	0	0	0	0	0	0
Zotu153	1	0	0	16	60	1	1189	0	0	98	0	0	28	0	0	0	0	0	0	0	0	0	0	0	0	0	0
Zotu131	4	0	24	0	0	3	2	7	2	0	44	5	54	0	0	0	0	0	0	0	0	0	0	0	0	0	0
Zotu61	7	0	9	0	0	0	0	0	0	0	0	0	76	0	0	0	0	0	0	0	0	0	0	0	0	0	0
Zotu475	2	1	1	0	0	0	0	12	5	0	97	0	6	0	0	0	0	0	0	0	0	0	0	0	0	0	0
Zotu29	1	659	3	1	1	21196	0	2	1	54115	1	2	2	0	0	0	0	0	0	0	0	0	0	0	0	0	0
Zotu742	1	0	0	0	0	0	0	0	0	0	0	0	0	0	0	0	0	0	0	0	0	0	0	0	0	0	0
Zotu8	0	9	212	2	6	8	0	0	2	186	0	0	0	3	3	261	11	0	2	3	12	22	0	18	7	0	3
Zotu354	0	1	0	0	0	0	0	0	114	1	0	0	0	0	0	0	0	0	0	0	0	0	0	0	0	0	0
Zotu41	0	6	1	1	0	0	1	1	1	0	0	0	1	0	0	0	0	0	0	0	0	0	0	0	0	0	0
Zotu255	0	0	9	0	2	2	0	0	36	0	4	0	0	0	0	0	0	0	0	0	0	0	0	0	0	0	0
Zotu459	0	0	68	0	0	13	0	0	0	0	0	0	0	0	0	0	0	0	0	0	0	0	0	0	0	0	0
Zotu741	0	0	43	0	0	0	0	0	0	0	0	0	0	0	0	0	0	0	0	0	0	0	0	0	0	0	0
Zotu1203	0	0	14	0	0	0	0	0	0	0	0	0	0	0	0	0	0	0	0	0	0	0	0	0	0	0	0
Zotu854	0	0	2	0	0	0	0	0	0	0	4	0	0	0	0	0	0	0	0	0	0	0	0	0	0	0	0
Zotu1200	0	0	2	0	0	0	0	0	0	0	0	0	0	0	0	0	0	0	0	0	0	0	0	0	0	0	0
Zotu15	0	0	5	0	0	0	0	0	3	4	0	0	0	0	0	0	0	0	0	0	0	0	0	2	0	0	0
Zotu179	0	0	11	0	0	0	0	0	0	0	0	0	0	0	0	0	0	0	0	0	0	0	0	0	0	0	0
Zotu38	0	0	1	5	83	0	8	2	0	1	0	1	418	0	0	0	0	0	0	0	0	0	0	0	0	0	0
Zotu148	0	0	1	0	0	0	0	0	0	1	0	0	0	0	0	0	0	0	0	0	0	0	0	0	0	0	0
Zotu239	0	0	2	1	0	0	0	0	0	0	2	0	5	0	0	0	0	0	0	0	0	0	0	0	0	0	0
Zotu771	0	0	1	0	0	0	0	0	0	0	0	0	0	0	0	0	0	0	0	0	0	0	0	0	1	0	0
Zotu935	0	0	0	8	0	0	0	0	15	0	0	0	0	0	0	0	0	0	0	0	0	0	0	0	0	0	0
Zotu48	0	0	0	34	0	0	0	0	0	2	0	0	0	0	0	0	0	0	0	0	0	2	0	0	0	0	0
Zotu764	0	0	0	51	0	0	0	0	0	0	0	0	0	0	0	0	0	0	0	0	0	0	0	0	0	0	0
Zotu544	0	0	0	6	0	0	0	0	0	0	0	0	0	0	0	0	0	0	0	0	0	0	0	0	0	0	0
Zotu191	0	0	0	2	0	0	0	0	0	0	0	0	346	0	0	0	0	0	0	0	0	0	0	0	0	0	0
Zotu937	0	0	0	1	0	2	0	0	0	0	0	0	0	0	0	0	0	0	0	0	0	0	0	0	0	0	0
Zotu33	0	0	0	2	3	5	8	12	8	33	0	50	17	1204	1933	1458	2340	1348	1954	1855	1963	1716	1557	2073	2181	1960	1506
Zotu368	0	0	0	3	0	0	0	0	0	0	0	0	0	0	0	0	3	0	0	0	4	0	0	0	0	0	0
Zotu719	0	0	0	3	0	0	0	0	1	0	0	7	0	0	0	0	0	0	0	0	0	0	0	0	0	0	0
Zotu76	0	0	0	1	0	0	0	0	0	0	0	0	0	0	0	0	0	0	0	0	0	0	0	0	0	0	0
Zotu596	0	0	0	2	0	1	0	0	0	0	0	0	0	0	1	0	0	0	0	0	0	0	0	0	0	0	0
Zotu1163	0	0	0	5	0	0	0	0	0	0	0	0	0	0	0	0	0	0	0	0	0	0	0	0	0	0	0
Zotu978	0	0	0	1	0	0	0	0	0	0	0	0	0	0	0	0	0	0	0	0	0	0	0	0	0	0	0
Zotu1201	0	0	0	0	11	0	0	0	0	0	0	0	0	0	0	0	0	0	0	0	0	0	0	0	0	0	0
Zotu143	0	0	0	0	2	0	0	0	1	2	0	0	1	0	0	5	0	0	3	1	0	3	0	0	0	0	0
Zotu414	0	0	0	0	0	56	0	0	0	0	0	0	0	0	0	0	0	0	0	0	0	0	0	0	0	0	0
Zotu170	0	0	0	0	0	31	0	0	0	0	0	0	0	0	0	0	0	0	0	0	0	0	0	0	0	0	0
Zotu1133	0	0	0	0	0	12	0	0	0	0	0	0	0	0	0	0	0	0	0	0	0	0	0	0	0	0	0
Zotu99	0	0	0	0	0	0	53	0	0	0	0	0	0	0	0	0	0	0	0	0	0	0	0	0	0	0	0
Zotu87	0	0	0	0	0	0	72	0	24	0	0	0	0	0	0	0	0	0	0	0	0	0	0	0	0	0	0
Zotu2	0	0	0	0	0	0	92	0	0	0	0	0	0	44	123	692	32	37	50	52	28	0	0	51	81	11	19
Zotu140	0	0	0	0	0	0	11	0	0	0	0	0	0	8	0	0	0	0	0	0	0	0	0	0	0	0	0
Zotu190	0	0	0	0	0	0	1	0	0	0	0	0	0	0	0	0	0	0	0	0	0	0	0	0	0	0	0
Zotu934	0	0	0	0	0	0	0	27	0	0	0	0	0	0	0	0	0	0	0	0	0	0	0	0	0	0	0
Zotu993	0	0	0	0	0	0	0	19	0	0	0	0	0	0	0	0	0	0	0	0	0	0	0	0	0	0	0
Zotu1131	0	0	0	0	0	0	0	40	0	0	0	0	0	0	0	0	0	0	0	0	0	0	0	0	0	0	0
Zotu245	0	0	0	0	0	0	0	3	0	0	0	0	0	0	0	0	0	0	0	0	0	0	0	0	0	0	0
Zotu1199	0	0	0	0	0	0	0	0	14	0	0	0	0	0	0	0	0	0	0	0	0	0	0	0	0	0	0
Zotu732	0	0	0	0	0	0	0	0	35	0	0	0	0	0	0	0	0	0	0	0	0	0	0	0	0	0	0
Zotu528	0	0	0	0	0	0	0	0	6	0	0	0	0	0	0	0	0	0	0	0	0	0	0	0	0	0	0
Zotu1202	0	0	0	0	0	0	0	0	2	0	9	0	0	0	0	0	0	0	0	0	0	0	0	0	0	0	0
Zotu781	0	0	0	0	0	0	0	0	4	0	0	0	0	0	0	0	0	0	0	0	0	0	0	0	0	0	0
Zotu958	0	0	0	0	0	0	0	0	4	0	0	0	0	0	0	0	0	0	0	0	0	0	0	0	0	0	0
Zotu546	0	0	0	0	0	0	0	0	1	0	241	0	0	0	0	0	0	0	0	0	0	0	0	0	0	0	0
Zotu372	0	0	0	0	0	0	0	0	1	0	0	0	0	0	0	0	0	0	0	0	0	0	0	0	0	0	0
Zotu791	0	0	0	0	0	0	0	0	0	6	0	0	0	0	0	0	0	0	0	0	0	0	0	0	0	0	0
Zotu684	0	0	0	0	0	0	0	0	0	47	1	0	0	0	0	0	0	0	0	0	0	0	0	0	0	0	0
Zotu409	0	0	0	0	0	0	0	0	0	110	0	0	0	0	0	0	0	0	0	0	0	1	0	0	0	0	0
Zotu1196	0	0	0	0	0	0	0	0	0	9	0	0	0	0	0	0	0	0	0	0	0	0	0	0	0	0	0
Zotu890	0	0	0	0	0	0	0	0	0	19	0	0	0	0	0	0	0	0	0	0	0	0	0	0	0	0	0
Zotu500	0	0	0	0	0	0	0	0	0	1	0	0	0	0	0	0	0	0	0	0	0	0	0	0	0	0	0
Zotu317	0	0	0	0	0	0	0	0	0	0	162	0	0	0	0	0	0	0	0	0	0	0	0	0	0	0	0
Zotu20	0	0	0	0	0	0	0	0	0	0	377	0	0	24	713	0	3649	684	806	121	278	0	238	0	476	324	69
Zotu436	0	0	0	0	0	0	0	0	0	0	71	0	0	0	0	0	0	0	0	0	0	0	0	0	0	0	0
Zotu435	0	0	0	0	0	0	0	0	0	0	81	0	0	0	0	0	0	0	0	0	0	0	0	0	0	0	0
Zotu304	0	0	0	0	0	0	0	0	0	0	4	0	0	2	0	0	0	0	0	0	0	0	0	0	0	0	0
Zotu177	0	0	0	0	0	0	0	0	0	0	55	0	0	0	0	0	0	0	0	0	0	0	0	0	0	0	0
Zotu1135	0	0	0	0	0	0	0	0	0	0	15	0	0	0	0	0	0	0	0	0	0	0	0	0	0	0	0
Zotu1198	0	0	0	0	0	0	0	0	0	0	13	0	0	0	0	0	0	0	0	0	0	0	0	0	0	0	0
Zotu322	0	0	0	0	0	0	0	0	0	0	8	0	0	0	0	0	0	0	0	0	0	0	0	0	0	0	0
Zotu686	0	0	0	0	0	0	0	0	0	0	4	0	0	0	0	0	0	0	0	0	0	0	0	0	0	0	0
Zotu815	0	0	0	0	0	0	0	0	0	0	22	0	0	0	0	0	0	0	0	0	0	0	0	0	0	0	0
Zotu1194	0	0	0	0	0	0	0	0	0	0	11	0	0	0	0	0	0	0	0	0	0	0	0	0	0	0	0
Zotu979	0	0	0	0	0	0	0	0	0	0	1	0	0	0	0	0	0	0	0	0	0	0	0	0	0	0	0
Zotu926	0	0	0	0	0	0	0	0	0	0	2	0	1	0	0	0	0	0	0	0	0	0	0	0	0	0	0
Zotu795	0	0	0	0	0	0	0	0	0	0	2	0	29	0	0	0	0	0	0	0	0	0	0	0	0	0	0
Zotu397	0	0	0	0	0	0	0	0	0	0	0	105	0	0	0	0	0	0	0	0	0	0	0	0	0	0	0
Zotu203	0	0	0	0	0	0	0	0	0	0	0	400	0	0	0	0	0	0	0	2	0	0	0	0	0	0	0
Zotu411	0	0	0	0	0	0	0	0	0	0	0	15	0	0	0	0	0	0	0	0	0	0	0	0	0	0	0
Zotu592	0	0	0	0	0	0	0	0	0	0	0	49	0	0	0	0	0	0	0	0	0	0	0	0	0	0	0
Zotu683	0	0	0	0	0	0	0	0	0	0	0	0	52	0	0	0	0	0	0	0	0	0	0	0	0	0	0
Zotu1136	0	0	0	0	0	0	0	0	0	0	0	0	13	0	0	0	0	0	0	0	0	0	0	0	0	0	0
Zotu895	0	0	0	0	0	0	0	0	0	0	0	0	1	0	0	0	0	0	0	0	0	0	0	0	0	0	0
Zotu375	0	0	0	0	0	0	0	0	0	0	0	0	0	232	0	0	0	0	0	1	0	0	0	0	0	6	0
Zotu90	0	0	0	0	0	0	0	0	0	0	0	0	0	117	452	0	0	0	0	0	0	0	0	0	0	0	0
Zotu608	0	0	0	0	0	0	0	0	0	0	0	0	0	6	0	0	0	0	6	2	3	1	0	6	21	6	0
Zotu568	0	0	0	0	0	0	0	0	0	0	0	0	0	12	114	0	0	0	0	0	0	0	0	0	0	0	0
Zotu263	0	0	0	0	0	0	0	0	0	0	0	0	0	9	0	1	0	0	0	0	0	0	0	0	0	0	0
Zotu878	0	0	0	0	0	0	0	0	0	0	0	0	0	2	0	1	0	0	0	0	0	0	0	0	0	0	0
Zotu16	0	0	0	0	0	0	0	0	0	0	0	0	0	11	0	53	52	0	56	0	0	1	27	42	0	17	0
Zotu357	0	0	0	0	0	0	0	0	0	0	0	0	0	2	0	0	4	0	0	0	0	0	0	0	0	0	0
Zotu1195	0	0	0	0	0	0	0	0	0	0	0	0	0	6	0	0	0	0	0	0	0	9	0	0	0	0	0
Zotu389	0	0	0	0	0	0	0	0	0	0	0	0	0	4	0	0	0	0	0	0	0	0	0	0	1	0	0
Zotu68	0	0	0	0	0	0	0	0	0	0	0	0	0	1	2	0	2	2	1	1	1	0	0	2	0	1	0
Zotu11	0	0	0	0	0	0	0	0	0	0	0	0	0	1	0	662	922	0	340	0	0	0	0	62	0	64	9
Zotu541	0	0	0	0	0	0	0	0	0	0	0	0	0	1	0	0	3	2	8	4	2	0	8	0	7	0	0
Zotu69	0	0	0	0	0	0	0	0	0	0	0	0	0	1	0	0	0	0	0	0	0	0	0	0	0	0	0
Zotu88	0	0	0	0	0	0	0	0	0	0	0	0	0	0	26	0	0	0	2	0	0	0	0	0	0	0	0
Zotu1130	0	0	0	0	0	0	0	0	0	0	0	0	0	0	17	0	1	0	0	0	0	0	0	0	0	0	0
Zotu816	0	0	0	0	0	0	0	0	0	0	0	0	0	0	24	0	0	0	0	0	0	0	0	0	0	0	0
Zotu364	0	0	0	0	0	0	0	0	0	0	0	0	0	0	5	0	0	0	0	0	0	0	0	6	0	0	0
Zotu466	0	0	0	0	0	0	0	0	0	0	0	0	0	0	36	0	1	0	0	0	0	0	0	0	0	0	0
Zotu159	0	0	0	0	0	0	0	0	0	0	0	0	0	0	2	98	0	2	0	0	0	1	0	26	0	0	0
Zotu34	0	0	0	0	0	0	0	0	0	0	0	0	0	0	1	0	0	0	37	0	0	0	0	0	0	0	0
Zotu448	0	0	0	0	0	0	0	0	0	0	0	0	0	0	4	1	0	0	0	0	0	1	0	0	0	0	0
Zotu491	0	0	0	0	0	0	0	0	0	0	0	0	0	0	7	0	3	3	21	3	3	1	9	19	10	3	11
Zotu1147	0	0	0	0	0	0	0	0	0	0	0	0	0	0	5	0	3	0	0	0	0	0	0	0	0	0	0
Zotu593	0	0	0	0	0	0	0	0	0	0	0	0	0	0	1	3	0	0	0	0	0	0	0	0	0	0	0
Zotu464	0	0	0	0	0	0	0	0	0	0	0	0	0	0	8	72	0	0	0	0	0	0	0	0	0	0	0
Zotu112	0	0	0	0	0	0	0	0	0	0	0	0	0	0	2	0	3	0	0	0	0	0	0	0	0	0	0
Zotu49	0	0	0	0	0	0	0	0	0	0	0	0	0	0	1	0	0	48	0	84	56	0	2	6	37	37	32
Zotu805	0	0	0	0	0	0	0	0	0	0	0	0	0	0	4	0	0	0	0	0	0	0	0	0	0	0	0
Zotu757	0	0	0	0	0	0	0	0	0	0	0	0	0	0	4	0	0	2	0	0	0	0	0	0	0	0	0
Zotu9	0	0	0	0	0	0	0	0	0	0	0	0	0	0	4	1	1	1	0	1	2	2	3	0	4	4	1
Zotu315	0	0	0	0	0	0	0	0	0	0	0	0	0	0	2	166	0	0	0	0	0	0	0	0	0	0	1
Zotu888	0	0	0	0	0	0	0	0	0	0	0	0	0	0	3	0	0	0	7	0	0	1	0	0	7	4	3
Zotu1011	0	0	0	0	0	0	0	0	0	0	0	0	0	0	6	0	9	0	0	0	0	0	0	0	0	0	0
Zotu52	0	0	0	0	0	0	0	0	0	0	0	0	0	0	2	0	0	0	0	0	0	0	0	0	0	0	0
Zotu1123	0	0	0	0	0	0	0	0	0	0	0	0	0	0	1	2	0	0	0	0	0	0	0	0	0	0	0
Zotu1132	0	0	0	0	0	0	0	0	0	0	0	0	0	0	1	0	0	0	4	4	1	0	1	1	0	0	0
Zotu538	0	0	0	0	0	0	0	0	0	0	0	0	0	0	1	0	1	0	0	0	0	0	0	0	0	0	0
Zotu405	0	0	0	0	0	0	0	0	0	0	0	0	0	0	0	8	0	0	0	3	0	6	0	6	0	0	0
Zotu182	0	0	0	0	0	0	0	0	0	0	0	0	0	0	0	4	3	0	0	0	0	0	0	0	0	0	0
Zotu678	0	0	0	0	0	0	0	0	0	0	0	0	0	0	0	47	0	0	0	0	0	0	0	0	0	0	0
Zotu718	0	0	0	0	0	0	0	0	0	0	0	0	0	0	0	33	0	0	0	0	0	1	0	0	0	0	0
Zotu1197	0	0	0	0	0	0	0	0	0	0	0	0	0	0	0	10	0	0	0	0	0	0	0	0	0	0	0
Zotu1072	0	0	0	0	0	0	0	0	0	0	0	0	0	0	0	14	0	0	0	0	0	0	0	0	0	0	0
Zotu164	0	0	0	0	0	0	0	0	0	0	0	0	0	0	0	1	0	0	0	0	0	0	0	0	0	0	0
Zotu536	0	0	0	0	0	0	0	0	0	0	0	0	0	0	0	1	0	0	0	0	0	0	0	0	1	0	0
Zotu98	0	0	0	0	0	0	0	0	0	0	0	0	0	0	0	7	4	0	0	0	0	0	0	1	0	0	0
Zotu861	0	0	0	0	0	0	0	0	0	0	0	0	0	0	0	1	0	0	0	0	0	0	0	0	0	0	0
Zotu101	0	0	0	0	0	0	0	0	0	0	0	0	0	0	0	1	1	0	1	0	0	0	0	0	0	0	0
Zotu889	0	0	0	0	0	0	0	0	0	0	0	0	0	0	0	0	20	0	0	0	0	0	0	0	0	0	0
Zotu794	0	0	0	0	0	0	0	0	0	0	0	0	0	0	0	0	8	13	7	0	2	0	0	0	0	0	0
Zotu774	0	0	0	0	0	0	0	0	0	0	0	0	0	0	0	0	10	0	0	0	0	0	0	0	0	0	0
Zotu700	0	0	0	0	0	0	0	0	0	0	0	0	0	0	0	0	15	0	0	0	0	0	0	0	0	0	0
Zotu345	0	0	0	0	0	0	0	0	0	0	0	0	0	0	0	0	36	0	0	0	0	0	0	0	0	0	0
Zotu526	0	0	0	0	0	0	0	0	0	0	0	0	0	0	0	0	6	0	0	0	0	0	0	0	0	0	0
Zotu215	0	0	0	0	0	0	0	0	0	0	0	0	0	0	0	0	10	0	2	0	0	0	0	0	2	1	0
Zotu1005	0	0	0	0	0	0	0	0	0	0	0	0	0	0	0	0	3	0	0	7	3	0	0	0	0	0	0
Zotu606	0	0	0	0	0	0	0	0	0	0	0	0	0	0	0	0	1	0	0	0	0	0	0	1	0	0	0
Zotu840	0	0	0	0	0	0	0	0	0	0	0	0	0	0	0	0	1	0	0	0	0	2	0	0	0	0	0
Zotu693	0	0	0	0	0	0	0	0	0	0	0	0	0	0	0	0	1	0	0	0	0	0	0	0	0	0	0
Zotu891	0	0	0	0	0	0	0	0	0	0	0	0	0	0	0	0	0	17	0	0	0	0	0	0	0	0	0
Zotu23	0	0	0	0	0	0	0	0	0	0	0	0	0	0	0	0	0	11	0	0	0	0	0	0	0	0	0
Zotu936	0	0	0	0	0	0	0	0	0	0	0	0	0	0	0	0	0	16	0	0	0	1	0	0	13	0	0
Zotu1012	0	0	0	0	0	0	0	0	0	0	0	0	0	0	0	0	0	16	0	0	0	0	0	0	0	0	0
Zotu899	0	0	0	0	0	0	0	0	0	0	0	0	0	0	0	0	0	1	0	0	0	0	0	0	0	0	0
Zotu765	0	0	0	0	0	0	0	0	0	0	0	0	0	0	0	0	0	5	0	14	2	0	1	11	0	0	0
Zotu574	0	0	0	0	0	0	0	0	0	0	0	0	0	0	0	0	0	5	1	0	3	0	1	0	9	0	11
Zotu595	0	0	0	0	0	0	0	0	0	0	0	0	0	0	0	0	0	10	0	0	0	0	0	0	0	0	0
Zotu851	0	0	0	0	0	0	0	0	0	0	0	0	0	0	0	0	0	0	0	25	0	0	0	0	0	0	0
Zotu18	0	0	0	0	0	0	0	0	0	0	0	0	0	0	0	0	0	0	0	9	2	0	0	0	0	0	0
Zotu1156	0	0	0	0	0	0	0	0	0	0	0	0	0	0	0	0	0	0	0	1	0	0	0	0	0	0	0
Zotu109	0	0	0	0	0	0	0	0	0	0	0	0	0	0	0	0	0	0	0	1	0	0	0	1	0	0	0
Zotu225	0	0	0	0	0	0	0	0	0	0	0	0	0	0	0	0	0	0	0	3	2	2	0	0	0	0	0
Zotu477	0	0	0	0	0	0	0	0	0	0	0	0	0	0	0	0	0	0	0	1	0	0	0	0	0	0	0
Zotu777	0	0	0	0	0	0	0	0	0	0	0	0	0	0	0	0	0	0	0	0	21	0	0	0	0	0	0
Zotu494	0	0	0	0	0	0	0	0	0	0	0	0	0	0	0	0	0	0	0	0	0	67	0	0	0	0	0
Zotu945	0	0	0	0	0	0	0	0	0	0	0	0	0	0	0	0	0	0	0	0	0	1	0	0	0	0	0
Zotu187	0	0	0	0	0	0	0	0	0	0	0	0	0	0	0	0	0	0	0	0	0	4	0	0	0	0	0
Zotu25	0	0	0	0	0	0	0	0	0	0	0	0	0	0	0	0	0	0	0	0	0	8	0	0	0	0	0
Zotu904	0	0	0	0	0	0	0	0	0	0	0	0	0	0	0	0	0	0	0	0	0	0	2	0	0	0	0
Zotu1157	0	0	0	0	0	0	0	0	0	0	0	0	0	0	0	0	0	0	0	0	0	0	1	0	7	0	1
Zotu837	0	0	0	0	0	0	0	0	0	0	0	0	0	0	0	0	0	0	0	0	0	0	0	3	0	0	0
Zotu1134	0	0	0	0	0	0	0	0	0	0	0	0	0	0	0	0	0	0	0	0	0	0	0	9	0	0	0
Zotu290	0	0	0	0	0	0	0	0	0	0	0	0	0	0	0	0	0	0	0	0	0	0	0	0	4	0	0
Zotu814	0	0	0	0	0	0	0	0	0	0	0	0	0	0	0	0	0	0	0	0	0	0	0	0	22	0	1
Zotu759	0	0	0	0	0	0	0	0	0	0	0	0	0	0	0	0	0	0	0	0	0	0	0	0	0	2	0
Zotu63	0	0	0	0	0	0	0	0	0	0	0	0	0	0	0	0	0	0	0	0	0	0	0	0	0	0	3
