#OTU ID	HEV010d	HEV011a	HEV011b	HEV011c	HEV011d	HEV012a	HEV012b	HEV012c	HEV012d	HEV013a	HEV013b	HEV013c	HEV013d	HEV014a	HEV014b	HEV014c	HEV014d	HEV015a	HEV015b	HEV015c	HEV015d	HEV016a	HEV016b	HEV016c	HEV016d	HEV017a	HEV017b	HEV017c	HEV017d	HEV098
Zotu403	35396	97413	81379	67370	66587	73926	63839	49182	62890	43942	31959	22094	37389	41688	26918	14927	35286	108138	100105	78312	97753	82690	69074	56582	67214	76312	59303	43725	62192	128083
Zotu1	19581	51331	48485	37318	37057	26730	27228	19635	24968	22322	18453	12017	19884	18987	13941	7233	17199	52400	54586	39557	49389	35398	33807	25771	30640	37341	33225	23264	32219	65274
Zotu38	212	4	0	1	0	1	0	0	0	716	528	326	585	1021	680	388	861	1	0	0	0	1	0	0	0	2333	1936	1293	1890	1
Zotu390	81	231	213	183	140	132	139	112	130	146	121	67	117	106	75	34	65	235	284	200	275	151	148	109	131	141	147	99	154	318
Zotu28	150	0	0	1	0	101	102	71	88	2	3	1	2	1	0	1	0	407	459	356	385	4	0	0	1	57	48	38	42	0
Zotu39	200	32	31	18	28	2768	2636	1987	2141	86	83	63	52	289	163	105	243	0	0	0	0	3	0	0	2	1452	1213	895	1016	154
Zotu50	81	0	0	1	0	0	0	0	0	1	0	0	0	372	262	132	333	0	1	0	0	0	0	0	0	1352	1135	802	1167	0
Zotu32	28	30	286	156	17	57	330	212	19	245	1606	792	101	0	0	0	0	0	0	0	0	103	1014	587	52	58	442	243	20	0
Zotu131	5	1	0	1	0	194	181	120	160	0	1	2	3	17	10	5	9	0	0	0	0	0	0	0	0	90	64	47	64	25
Zotu141	5	7	0	0	1	2	0	2	0	0	0	0	1	2	1	1	1	0	3	2	4	1	2	2	2	10	13	5	6	3
Zotu154	4	0	0	0	0	0	0	0	0	0	0	0	0	0	0	0	0	0	0	0	0	0	0	0	0	0	0	0	0	0
Zotu132	2	1	2	1	0	251	226	151	203	0	2	0	2	3	8	3	9	0	0	0	1	0	0	0	1	59	50	28	33	15
Zotu686	2	0	0	0	0	2	1	1	1	0	0	0	0	10	10	9	8	0	0	0	0	0	0	0	0	35	29	21	20	0
Zotu76	2	0	0	0	0	0	1	0	0	0	0	0	0	0	0	0	2	0	0	0	0	0	0	0	0	1	1	1	3	3
Zotu715	0	17	7	11	8	0	0	0	0	0	0	0	0	0	0	0	0	0	0	0	0	0	0	0	0	0	0	0	0	0
Zotu3	0	42	0	0	0	0	0	0	0	6	0	0	0	10	0	0	0	3	0	0	0	6	0	0	0	18	0	0	0	0
Zotu19	0	39	0	0	0	0	0	0	0	1	0	0	0	0	0	0	0	0	0	0	0	0	0	0	0	10	0	0	0	0
Zotu245	0	7	13	10	0	125	192	102	17	0	0	0	0	0	0	0	0	0	0	0	0	0	0	0	0	0	0	0	0	0
Zotu290	0	36	20	23	19	0	0	0	0	0	0	0	0	0	0	0	0	0	0	0	0	0	0	0	0	53	37	45	49	0
Zotu143	0	17	72	39	2	172	653	245	5	4	2	1	0	2	10	4	0	1	3	0	0	9	53	17	0	31	124	56	2	0
Zotu894	0	6	3	10	2	0	0	0	0	0	0	0	0	0	0	0	0	0	0	0	0	0	0	0	0	0	0	0	0	1
Zotu763	0	3	2	1	1	0	0	0	0	0	0	0	0	0	0	0	0	0	0	0	0	0	0	0	0	0	0	0	0	0
Zotu170	0	2	7	0	3	0	0	0	0	15	23	15	19	47	32	16	35	0	0	0	0	68	64	56	62	7	5	4	8	0
Zotu1210	0	3	3	3	1	0	0	0	0	0	0	0	0	0	0	0	0	0	0	0	0	0	0	0	0	0	0	0	0	0
Zotu926	0	1	1	1	0	0	0	0	0	0	0	0	0	1	0	0	0	0	0	0	0	0	0	0	0	3	1	5	2	0
Zotu859	0	7	8	3	8	0	0	0	0	0	0	0	0	0	0	0	0	0	0	0	0	0	0	0	0	0	0	0	0	0
Zotu63	0	1	0	0	0	0	0	0	0	0	0	0	0	0	0	0	0	0	0	0	0	0	0	0	0	0	0	0	0	0
Zotu493	0	1	1	0	0	8	9	4	7	0	0	0	0	13	12	6	9	0	0	0	0	0	0	0	0	1	2	0	0	0
Zotu49	0	1	0	0	0	0	0	0	0	0	0	0	0	0	0	0	0	0	0	0	0	0	0	0	0	0	0	0	0	0
Zotu2	0	0	88	0	0	0	3	0	0	0	1	0	0	0	3	0	0	0	3	0	0	0	5	0	0	0	74	0	0	110
Zotu55	0	0	2	0	0	0	0	0	0	0	0	0	0	0	0	0	0	0	0	0	0	0	1	0	0	0	0	0	0	0
Zotu44	0	0	2	0	0	0	0	0	0	0	0	0	0	0	0	0	0	0	0	0	0	0	0	0	0	0	0	0	0	0
Zotu35	0	0	1	0	0	0	0	0	0	0	0	0	0	0	0	0	0	0	0	0	0	0	0	0	0	0	0	0	0	0
Zotu152	0	0	1	0	0	0	0	0	0	18	10	7	16	0	0	0	0	60	74	45	52	41	35	30	23	13	4	2	9	0
Zotu190	0	0	1	0	0	0	0	0	0	0	0	0	0	0	0	0	0	0	0	0	0	0	0	0	0	0	0	0	0	0
Zotu31	0	0	1	0	0	0	0	0	0	0	0	0	0	0	2	0	0	0	0	0	0	0	0	0	0	0	1	0	0	0
Zotu9	0	0	0	5	0	0	0	0	0	0	0	0	0	0	0	0	0	0	0	0	0	0	0	4	0	0	0	6	0	0
Zotu8	0	0	0	2	0	0	0	1	0	0	0	0	0	0	0	0	0	0	0	0	0	0	0	0	0	0	0	2	0	422
Zotu33	0	0	0	2	0	0	0	0	0	0	0	0	0	0	0	0	0	0	0	0	0	0	0	0	0	0	0	0	0	0
Zotu179	0	0	0	0	0	392	388	266	358	0	0	0	0	7	10	2	12	0	0	0	0	0	0	0	0	1	1	0	1	1
Zotu111	0	0	0	0	0	380	391	281	311	0	0	0	0	0	0	0	0	0	0	0	0	0	0	0	0	0	0	0	0	0
Zotu261	0	0	0	0	0	89	88	81	62	3	1	0	1	0	0	0	0	0	0	0	0	0	0	0	0	10	1	3	3	0
Zotu61	0	0	0	0	0	540	639	387	515	20	18	12	20	58	37	28	38	0	0	0	0	0	0	0	0	352	312	229	265	0
Zotu30	0	0	0	0	0	528	516	382	432	0	0	0	0	0	0	0	0	0	0	0	0	0	0	0	0	0	0	0	0	0
Zotu304	0	0	0	0	0	98	96	69	40	0	0	0	0	0	0	0	0	0	0	0	0	0	0	0	0	0	0	0	0	0
Zotu1087	0	0	0	0	0	9	3	6	5	0	0	0	0	0	0	0	0	0	0	0	0	0	0	0	0	0	0	0	0	0
Zotu302	0	0	0	0	0	14	10	10	3	0	0	0	0	0	0	0	0	0	0	0	0	0	0	0	0	0	0	0	0	0
Zotu650	0	0	0	0	0	3	0	1	0	0	0	0	0	0	0	0	0	0	0	0	0	0	0	0	0	1	0	0	0	0
Zotu294	0	0	0	0	0	66	65	43	17	0	0	0	0	0	0	0	0	0	0	0	0	0	0	0	0	0	0	0	0	0
Zotu69	0	0	0	0	0	33	10	14	3	0	0	0	0	0	0	0	0	0	0	0	0	0	0	0	0	0	0	0	0	0
Zotu621	0	0	0	0	0	1	2	0	0	0	0	0	0	0	0	0	0	0	0	0	0	0	0	0	0	6	19	7	12	0
Zotu229	0	0	0	0	0	26	25	23	35	0	0	0	0	56	37	30	47	0	0	0	0	0	0	0	0	0	0	0	0	0
Zotu742	0	0	0	0	0	3	4	2	6	3	0	0	1	0	0	0	0	0	0	0	0	0	0	0	0	0	0	0	0	0
Zotu756	0	0	0	0	0	6	7	11	5	0	0	0	0	0	0	0	0	0	0	0	0	0	0	0	0	0	0	0	0	0
Zotu1200	0	0	0	0	0	1	0	0	0	0	0	0	0	0	0	0	0	0	0	0	0	0	0	0	0	0	0	0	0	0
Zotu411	0	0	0	0	0	6	3	3	3	0	0	0	0	0	0	0	0	0	0	0	0	0	0	0	0	20	20	13	24	0
Zotu211	0	0	0	0	0	1	1	1	1	0	0	0	0	0	0	0	0	0	0	0	0	0	0	0	0	0	0	0	0	0
Zotu282	0	0	0	0	0	1	0	0	0	0	0	0	0	0	0	0	0	0	0	0	0	0	0	0	0	0	0	0	0	0
Zotu1038	0	0	0	0	0	5	13	9	1	0	0	0	0	0	0	0	0	0	0	0	0	0	0	0	0	0	0	0	0	0
Zotu475	0	0	0	0	0	6	2	1	4	1	1	0	2	3	1	1	5	0	0	0	0	0	0	0	0	2	1	1	2	0
Zotu57	0	0	0	0	0	0	1	0	0	0	0	0	0	0	0	0	0	0	0	0	0	0	0	0	0	0	0	0	0	0
Zotu191	0	0	0	0	0	0	4	0	2	0	0	0	0	0	0	0	0	0	0	0	0	0	0	0	0	0	0	0	0	0
Zotu484	0	0	0	0	0	0	3	0	1	0	0	0	0	0	0	0	0	0	0	0	0	0	0	0	0	0	0	0	0	0
Zotu456	0	0	0	0	0	0	0	1	0	0	1	0	0	0	0	0	0	0	0	0	0	0	1	0	0	0	2	0	0	0
Zotu1202	0	0	0	0	0	0	0	0	2	0	0	0	0	0	0	0	0	0	0	0	0	0	0	0	0	0	0	0	0	0
Zotu927	0	0	0	0	0	0	0	0	0	9	8	1	4	0	0	0	0	0	0	0	0	0	0	0	0	0	0	0	0	0
Zotu979	0	0	0	0	0	0	0	0	0	4	2	4	3	0	0	0	1	0	0	0	0	0	0	0	0	9	4	5	7	0
Zotu550	0	0	0	0	0	0	0	0	0	12	16	8	13	0	0	0	0	0	0	0	0	0	0	0	0	0	0	0	0	0
Zotu1062	0	0	0	0	0	0	0	0	0	1	1	0	0	0	0	0	0	0	0	0	0	0	0	0	0	0	2	0	1	0
Zotu125	0	0	0	0	0	0	0	0	0	8	9	7	11	16	12	4	9	0	0	0	0	228	235	172	219	3	2	0	2	0
Zotu29	0	0	0	0	0	0	0	0	0	0	0	0	0	1173	769	473	915	1	0	0	0	0	0	0	0	0	0	0	0	3
Zotu352	0	0	0	0	0	0	0	0	0	0	0	0	0	36	19	19	48	0	0	0	0	0	0	0	0	0	0	0	0	0
Zotu337	0	0	0	0	0	0	0	0	0	0	0	0	0	47	30	16	35	0	0	0	0	0	0	0	0	0	0	0	0	0
Zotu165	0	0	0	0	0	0	0	0	0	0	0	0	0	33	22	14	30	0	0	0	0	53	48	39	44	0	0	0	0	0
Zotu7	0	0	0	0	0	0	0	0	0	0	0	0	0	3	1	0	0	0	0	0	0	0	0	0	0	4	0	0	0	0
Zotu1039	0	0	0	0	0	0	0	0	0	0	0	0	0	5	3	3	3	0	0	0	0	0	0	0	0	0	0	0	0	0
Zotu410	0	0	0	0	0	0	0	0	0	0	0	0	0	7	2	1	6	0	0	0	0	0	0	0	0	0	0	0	0	76
Zotu860	0	0	0	0	0	0	0	0	0	0	0	0	0	10	16	18	1	0	0	0	0	0	0	0	0	0	0	0	0	0
Zotu595	0	0	0	0	0	0	0	0	0	0	0	0	0	1	1	0	0	0	0	0	0	0	0	0	0	0	0	0	0	0
Zotu895	0	0	0	0	0	0	0	0	0	0	0	0	0	1	0	0	0	5	0	2	4	0	0	0	0	0	0	0	0	0
Zotu239	0	0	0	0	0	0	0	0	0	0	0	0	0	0	1	0	0	0	0	0	0	0	0	0	0	2	2	3	2	1
Zotu201	0	0	0	0	0	0	0	0	0	0	0	0	0	0	0	1	0	0	0	0	0	0	0	0	0	0	0	0	0	0
Zotu255	0	0	0	0	0	0	0	0	0	0	0	0	0	0	0	0	7	0	0	0	0	0	0	0	0	0	0	0	0	2
Zotu144	0	0	0	0	0	0	0	0	0	0	0	0	0	0	0	0	0	222	208	176	155	0	0	0	0	1	1	0	1	0
Zotu779	0	0	0	0	0	0	0	0	0	0	0	0	0	0	0	0	0	22	27	10	29	0	0	0	0	0	0	0	0	0
Zotu612	0	0	0	0	0	0	0	0	0	0	0	0	0	0	0	0	0	14	15	10	15	0	0	0	0	0	0	0	0	0
Zotu267	0	0	0	0	0	0	0	0	0	0	0	0	0	0	0	0	0	0	1	0	2	0	0	0	0	0	0	0	0	0
Zotu187	0	0	0	0	0	0	0	0	0	0	0	0	0	0	0	0	0	0	0	0	0	3	2	2	2	0	0	0	0	0
Zotu247	0	0	0	0	0	0	0	0	0	0	0	0	0	0	0	0	0	0	0	0	0	8	9	5	5	0	0	0	0	0
Zotu1099	0	0	0	0	0	0	0	0	0	0	0	0	0	0	0	0	0	0	0	0	0	3	5	3	3	0	0	0	0	0
Zotu70	0	0	0	0	0	0	0	0	0	0	0	0	0	0	0	0	0	0	0	0	0	1	0	2	0	0	0	0	0	1442
Zotu1035	0	0	0	0	0	0	0	0	0	0	0	0	0	0	0	0	0	0	0	0	0	1	0	0	0	3	2	6	7	0
Zotu854	0	0	0	0	0	0	0	0	0	0	0	0	0	0	0	0	0	0	0	0	0	2	0	2	0	0	0	0	0	0
Zotu106	0	0	0	0	0	0	0	0	0	0	0	0	0	0	0	0	0	0	0	0	0	1	0	1	1	0	0	0	0	0
Zotu20	0	0	0	0	0	0	0	0	0	0	0	0	0	0	0	0	0	0	0	0	0	0	1	0	0	0	0	0	0	0
Zotu24	0	0	0	0	0	0	0	0	0	0	0	0	0	0	0	0	0	0	0	0	0	0	1	0	0	0	0	0	0	0
Zotu48	0	0	0	0	0	0	0	0	0	0	0	0	0	0	0	0	0	0	0	0	0	0	2	0	0	4	4	1	6	0
Zotu256	0	0	0	0	0	0	0	0	0	0	0	0	0	0	0	0	0	0	0	0	0	0	0	0	0	86	61	40	50	0
Zotu84	0	0	0	0	0	0	0	0	0	0	0	0	0	0	0	0	0	0	0	0	0	0	0	0	0	1	0	0	0	0
Zotu37	0	0	0	0	0	0	0	0	0	0	0	0	0	0	0	0	0	0	0	0	0	0	0	0	0	0	1	0	0	0
Zotu193	0	0	0	0	0	0	0	0	0	0	0	0	0	0	0	0	0	0	0	0	0	0	0	0	0	0	1	1	1	0
Zotu16	0	0	0	0	0	0	0	0	0	0	0	0	0	0	0	0	0	0	0	0	0	0	0	0	0	0	0	1	0	0
Zotu412	0	0	0	0	0	0	0	0	0	0	0	0	0	0	0	0	0	0	0	0	0	0	0	0	0	0	0	0	0	127
Zotu443	0	0	0	0	0	0	0	0	0	0	0	0	0	0	0	0	0	0	0	0	0	0	0	0	0	0	0	0	0	105
Zotu140	0	0	0	0	0	0	0	0	0	0	0	0	0	0	0	0	0	0	0	0	0	0	0	0	0	0	0	0	0	24
Zotu711	0	0	0	0	0	0	0	0	0	0	0	0	0	0	0	0	0	0	0	0	0	0	0	0	0	0	0	0	0	46
Zotu104	0	0	0	0	0	0	0	0	0	0	0	0	0	0	0	0	0	0	0	0	0	0	0	0	0	0	0	0	0	1
Zotu15	0	0	0	0	0	0	0	0	0	0	0	0	0	0	0	0	0	0	0	0	0	0	0	0	0	0	0	0	0	7
