#OTU ID	SME01	SME02	SME03	SME05	SME06	SME07	SME08	SME09	SME10	SME11	SME12	SME13	SME14
Zotu12	84419	85135	83030	95202	36012	52443	87303	82658	115260	117291	53928	68958	128681
Zotu47	6445	141	86	0	0	0	0	0	0	0	1	2	0
Zotu577	49	0	0	0	0	0	0	0	0	0	0	0	0
Zotu441	33	2	0	1	0	10	8	10	17	20	3	3	4
Zotu419	19	1	0	0	0	0	0	0	0	0	0	0	0
Zotu32	50	260	69	675	132	372	344	667	928	771	421	459	553
Zotu826	199	4	0	0	0	0	0	0	0	0	0	0	0
Zotu143	51	13	0	31	0	2	14	26	128	72	15	10	165
Zotu2	4	3	1	2	8	5	4	9	6	9	11	7	13
Zotu1	70	16	174	26	91	27	10	28	207	252	72	80	51
Zotu403	29	19	87	11	52	26	2	11	77	205	35	86	18
Zotu1021	27	6	0	1	0	2	11	8	10	11	1	3	5
Zotu3	9	0	71	0	25	8	1	0	1	0	3	7	0
Zotu1111	10	7	0	0	0	0	0	0	0	2	0	0	0
Zotu1080	12	3	8	5	12	4	0	7	7	12	1	13	6
Zotu170	3	0	0	0	0	0	0	0	0	0	0	0	0
Zotu596	6	0	0	7	18	3	9	10	3	23	1	6	15
Zotu882	6	0	0	6	0	29	4	1	0	2	0	0	1
Zotu11	1	0	1	0	0	0	2	0	0	3	0	0	0
Zotu937	3	0	0	3	2	2	7	10	0	5	0	4	10
Zotu53	1	3094	0	0	0	0	2137	0	0	0	1	0	0
Zotu653	2	0	0	2	0	0	1	40	0	0	0	0	0
Zotu1022	0	31	0	0	0	0	0	0	0	0	0	0	0
Zotu153	0	51	0	0	0	0	0	0	0	0	0	0	0
Zotu860	0	3	0	0	0	0	0	0	0	0	0	0	0
Zotu14	0	119	0	85	3086	271	1826	58	128	122	75	42	1
Zotu7	0	203	349	69	8545	549	3329	366	909	260	535	238	0
Zotu48	0	5	10	0	28	0	0	0	0	0	0	0	0
Zotu31	0	1	0	0	0	0	0	0	0	0	0	0	0
Zotu95	0	1	0	0	0	0	1	0	0	0	0	0	0
Zotu75	0	1	0	0	0	0	0	0	1	0	0	0	0
Zotu20	0	1	0	1	0	1	0	0	0	0	4	0	0
Zotu152	0	0	15	0	0	1	0	0	0	28	0	1	0
Zotu35	0	0	1	0	0	0	0	0	0	0	0	1	0
Zotu583	0	0	1	0	14	0	9	2	0	0	2	0	0
Zotu1122	0	0	1	0	6	0	7	0	0	1	3	0	0
Zotu364	0	0	0	1	0	0	0	0	0	0	0	0	0
Zotu249	0	0	0	1	0	0	0	0	0	269	0	0	0
Zotu704	0	0	0	6	0	0	0	0	2	0	0	0	0
Zotu247	0	0	0	1	0	0	0	0	0	0	0	0	0
Zotu225	0	0	0	6	0	0	0	0	0	0	0	0	0
Zotu125	0	0	0	2	0	1	5	13	0	0	8	0	12
Zotu215	0	0	0	1	0	0	0	0	0	0	0	0	0
Zotu79	0	0	0	1	0	0	0	0	0	0	0	0	0
Zotu611	0	0	0	0	189	0	99	0	0	0	0	0	0
Zotu458	0	0	0	0	87	0	0	0	0	0	0	0	0
Zotu578	0	0	0	0	53	0	0	0	0	0	0	0	0
Zotu267	0	0	0	0	6	0	0	0	2	22	0	0	0
Zotu747	0	0	0	0	1	0	0	0	0	0	0	0	0
Zotu210	0	0	0	0	2	1	0	0	0	0	0	0	0
Zotu296	0	0	0	0	1	0	0	0	0	0	0	0	0
Zotu867	0	0	0	0	1	0	0	0	0	0	0	0	0
Zotu713	0	0	0	0	0	48	0	0	0	0	0	0	0
Zotu1159	0	0	0	0	0	18	0	0	0	0	0	0	0
Zotu294	0	0	0	0	0	6	0	0	0	0	0	0	0
Zotu312	0	0	0	0	0	1	0	0	0	193	0	0	0
Zotu69	0	0	0	0	0	2	0	0	0	36	1	1	1
Zotu484	0	0	0	0	0	0	9	0	0	17	0	0	0
Zotu706	0	0	0	0	0	0	1	0	0	0	0	0	0
Zotu131	0	0	0	0	0	0	2	0	0	0	0	0	0
Zotu447	0	0	0	0	0	0	4	6	65	0	0	0	0
Zotu847	0	0	0	0	0	0	3	0	0	0	0	0	0
Zotu456	0	0	0	0	0	0	0	1	0	0	0	0	1
Zotu96	0	0	0	0	0	0	0	1	0	0	0	0	0
Zotu22	0	0	0	0	0	0	0	2	0	0	2	1	0
Zotu774	0	0	0	0	0	0	0	0	32	0	0	0	0
Zotu555	0	0	0	0	0	0	0	0	60	0	0	0	0
Zotu311	0	0	0	0	0	0	0	0	12	0	0	0	0
Zotu1083	0	0	0	0	0	0	0	0	24	0	0	0	0
Zotu368	0	0	0	0	0	0	0	0	5	0	0	0	0
Zotu141	0	0	0	0	0	0	0	0	1	0	0	0	0
Zotu662	0	0	0	0	0	0	0	0	0	36	0	0	0
Zotu291	0	0	0	0	0	0	0	0	0	22	0	0	0
Zotu1081	0	0	0	0	0	0	0	0	0	14	0	0	0
Zotu390	0	0	0	0	0	0	0	0	0	2	0	0	0
Zotu24	0	0	0	0	0	0	0	0	0	1	0	0	0
Zotu1085	0	0	0	0	0	0	0	0	0	15	0	0	0
Zotu1124	0	0	0	0	0	0	0	0	0	1	0	0	0
Zotu544	0	0	0	0	0	0	0	0	0	0	11	0	0
Zotu834	0	0	0	0	0	0	0	0	0	0	0	13	0
Zotu831	0	0	0	0	0	0	0	0	0	0	0	22	0
Zotu38	0	0	0	0	0	0	0	0	0	0	0	1	0
Zotu46	0	0	0	0	0	0	0	0	0	0	0	1	0
Zotu488	0	0	0	0	0	0	0	0	0	0	0	0	83
Zotu302	0	0	0	0	0	0	0	0	0	0	0	0	25
Zotu599	0	0	0	0	0	0	0	0	0	0	0	0	51
Zotu25	0	0	0	0	0	0	0	0	0	0	0	0	1
Zotu304	0	0	0	0	0	0	0	0	0	0	0	0	1
